SYMBOL,SERIES,OPEN,HIGH,LOW,CLOSE,LAST,PREVCLOSE,TOTTRDQTY,TOTTRDVAL,TIMESTAMP,TOTALTRADES,ISIN,
DHANUKA,EQ,514.9,528.5,510,524.6,527.9,513.7,7626,3958624.95,01-JAN-2016,294,INE435G01025,
DHANUKA,EQ,518.05,531.95,501,521.15,531.95,524.6,12001,6144512.35,04-JAN-2016,648,INE435G01025,
DHANUKA,EQ,518,529.95,508.45,517.1,519.95,521.15,12255,6333222.15,05-JAN-2016,374,INE435G01025,
DHANUKA,EQ,518.3,527,512.05,521.3,521.9,517.1,9027,4693798.15,06-JAN-2016,380,INE435G01025,
DHANUKA,EQ,515.05,519.6,508.85,511.5,510,521.3,10406,5336337.15,07-JAN-2016,877,INE435G01025,
DHANUKA,EQ,516.65,529.45,510.5,527.35,528,511.5,14114,7357691.9,08-JAN-2016,477,INE435G01025,
DHANUKA,EQ,519,529,508.15,525,525,527.35,6078,3163080.3,11-JAN-2016,178,INE435G01025,
DHANUKA,EQ,530,538.95,515.2,530,531.6,525,17820,9447058.3,12-JAN-2016,553,INE435G01025,
DHANUKA,EQ,533,558.8,530.05,552.05,552,530,46674,25354595.45,13-JAN-2016,2537,INE435G01025,
DHANUKA,EQ,559.5,559.5,525.05,535.9,538,552.05,37530,20315910.75,14-JAN-2016,1877,INE435G01025,
DHANUKA,EQ,549.9,553.9,522.05,530.05,530,535.9,13872,7387151.3,15-JAN-2016,592,INE435G01025,
DHANUKA,EQ,521.2,522.35,467.55,490.5,500,530.05,33747,17013223.55,18-JAN-2016,1185,INE435G01025,
DHANUKA,EQ,485,516.9,485,505.3,506,490.5,11360,5667579.8,19-JAN-2016,590,INE435G01025,
DHANUKA,EQ,500.05,509.8,475.05,480.25,480,505.3,12169,6001543.05,20-JAN-2016,605,INE435G01025,
DHANUKA,EQ,486.55,493.05,485,485.3,486,480.25,16564,8081376.2,21-JAN-2016,676,INE435G01025,
DHANUKA,EQ,494.95,509,482,501,509,485.3,10516,5183267.8,22-JAN-2016,650,INE435G01025,
DHANUKA,EQ,510.05,523.9,505.05,515.6,515.5,501,31035,16069889.85,25-JAN-2016,634,INE435G01025,
DHANUKA,EQ,509,523.95,502.05,522.05,523.95,515.6,18099,9395347.55,27-JAN-2016,430,INE435G01025,
DHANUKA,EQ,518.05,526.5,515,524.05,526.5,522.05,6402,3340568,28-JAN-2016,167,INE435G01025,
DHANUKA,EQ,523.25,541,522.55,538.9,540,524.05,4236,2254028.45,29-JAN-2016,305,INE435G01025,
DHANUKA,EQ,530.05,541.1,530.05,537.65,540,538.9,3292,1762100.35,01-FEB-2016,234,INE435G01025,
DHANUKA,EQ,536.3,545,525.05,532.3,526.05,537.65,2519,1346261.65,02-FEB-2016,191,INE435G01025,
DHANUKA,EQ,530,531.75,512.1,516.7,516,532.3,6546,3387328.15,03-FEB-2016,333,INE435G01025,
DHANUKA,EQ,519.05,521,503.95,504.95,505,516.7,24357,12489510.7,04-FEB-2016,384,INE435G01025,
DHANUKA,EQ,497.05,510.05,491,505.4,510,504.95,2801,1410354.45,05-FEB-2016,101,INE435G01025,
DHANUKA,EQ,502.45,518.95,502.45,510,511.95,505.4,2020,1027256.85,08-FEB-2016,149,INE435G01025,
DHANUKA,EQ,510,534.8,502,525.75,530,510,15524,7998281.75,09-FEB-2016,1304,INE435G01025,
DHANUKA,EQ,534.95,539.95,515.3,536.75,539.55,525.75,10186,5402542.25,10-FEB-2016,557,INE435G01025,
DHANUKA,EQ,539,539,520,523.35,527.95,536.75,13579,7189344.8,11-FEB-2016,633,INE435G01025,
DHANUKA,EQ,520,528,510,522.95,521,523.35,6139,3166906.55,12-FEB-2016,243,INE435G01025,
DHANUKA,EQ,538.5,538.5,523.05,530.6,532,522.95,23310,12307196.8,15-FEB-2016,197,INE435G01025,
DHANUKA,EQ,539,539,517.45,520.65,522,530.6,7367,3856548.8,16-FEB-2016,249,INE435G01025,
DHANUKA,EQ,515.35,535,505,529.5,535,520.65,2636,1359986.75,17-FEB-2016,237,INE435G01025,
DHANUKA,EQ,529.95,541.95,529.95,538.65,538,529.5,7496,3991737.1,18-FEB-2016,286,INE435G01025,
DHANUKA,EQ,542.9,547,529.15,530.75,530,538.65,3602,1919313.5,19-FEB-2016,208,INE435G01025,
DHANUKA,EQ,537.95,547,520,526.9,529.95,530.75,3207,1687278.3,22-FEB-2016,140,INE435G01025,
DHANUKA,EQ,521.1,529.45,521.1,524.2,523.95,526.9,614,321967.05,23-FEB-2016,52,INE435G01025,
DHANUKA,EQ,529.95,538.95,517,532.2,535,524.2,1984,1050677.5,24-FEB-2016,141,INE435G01025,
DHANUKA,EQ,532,539.8,524.05,528.35,539.8,532.2,11491,6061478.4,25-FEB-2016,274,INE435G01025,
DHANUKA,EQ,534.95,538.9,526.1,528.6,531,528.35,6206,3282722.75,26-FEB-2016,263,INE435G01025,
DHANUKA,EQ,526.05,550,515.05,543.05,542,528.6,12660,6752682.7,29-FEB-2016,768,INE435G01025,
DHANUKA,EQ,551.95,557.2,541,544.75,544,543.05,3661,2000715.95,01-MAR-2016,253,INE435G01025,
DHANUKA,EQ,554.7,559,543.55,555.95,558.8,544.75,13792,7663476.25,02-MAR-2016,399,INE435G01025,
DHANUKA,EQ,557.05,560,556.95,558.15,557,555.95,2912,1623357.15,03-MAR-2016,121,INE435G01025,
DHANUKA,EQ,559.3,559.3,555,555.35,555,558.15,3781,2103565.6,04-MAR-2016,162,INE435G01025,
DHANUKA,EQ,558,565.05,545,557,558.05,555.35,6599,3679777.45,08-MAR-2016,333,INE435G01025,
DHANUKA,EQ,560,569.9,550.1,566.25,565.1,557,4635,2599161.5,09-MAR-2016,319,INE435G01025,
DHANUKA,EQ,562.05,568.95,554.55,555.1,556.95,566.25,7409,4116007.95,10-MAR-2016,208,INE435G01025,
DHANUKA,EQ,560,560,553,555.35,555,555.1,1747,970351.55,11-MAR-2016,116,INE435G01025,
DHANUKA,EQ,559.9,559.9,554.95,555.1,558,555.35,4155,2306864.75,14-MAR-2016,95,INE435G01025,
DHANUKA,EQ,555.55,560,555,555.3,556,555.1,3257,1811322.95,15-MAR-2016,124,INE435G01025,
DHANUKA,EQ,556,561,552.95,554.15,555,555.3,5035,2795125.55,16-MAR-2016,152,INE435G01025,
DHANUKA,EQ,564.95,565,550.05,556.05,556,554.15,12999,7220723,17-MAR-2016,179,INE435G01025,
DHANUKA,EQ,585,595,572,584.4,580.1,556.05,44074,25691618.55,18-MAR-2016,2786,INE435G01025,
DHANUKA,EQ,589,599.8,580.05,587.3,594.7,584.4,21241,12458532,21-MAR-2016,673,INE435G01025,
DHANUKA,EQ,588.95,589,572,580.75,583,587.3,19540,11367788.55,22-MAR-2016,478,INE435G01025,
DHANUKA,EQ,583.05,589,580,584.2,584.4,580.75,12115,7055148.7,23-MAR-2016,368,INE435G01025,
DHANUKA,EQ,585,598,575.05,584.55,584.05,584.2,19054,11150913.9,28-MAR-2016,258,INE435G01025,
DHANUKA,EQ,584.95,591,580.5,588.1,586,584.55,20452,11951398.4,29-MAR-2016,228,INE435G01025,
DHANUKA,EQ,586,590,580.5,583.5,580.5,588.1,3623,2117243,30-MAR-2016,209,INE435G01025,
DHANUKA,EQ,586.1,590.1,582.05,589.05,589,583.5,5348,3140928.45,31-MAR-2016,262,INE435G01025,
DHANUKA,EQ,585.65,586.4,584.6,585.55,585.3,589.05,1188,695517.95,01-APR-2016,62,INE435G01025,
DHANUKA,EQ,590,606.5,585.6,601.95,606.5,585.55,29567,17662094.05,04-APR-2016,596,INE435G01025,
DHANUKA,EQ,607.95,612,601,608.35,607,601.95,4655,2823443,05-APR-2016,256,INE435G01025,
DHANUKA,EQ,605,630,604.95,619.1,616.15,608.35,6549,4040705.8,06-APR-2016,492,INE435G01025,
DHANUKA,EQ,619.05,623,606,606.85,606,619.1,3597,2199592.8,07-APR-2016,266,INE435G01025,
DHANUKA,EQ,607,624.95,604.85,622.15,624,606.85,9835,6064061.7,08-APR-2016,590,INE435G01025,
DHANUKA,EQ,615,622,610.05,616.7,617.05,622.15,8121,4988383.4,11-APR-2016,332,INE435G01025,
DHANUKA,EQ,628,648.3,613.2,641.05,645,616.7,21691,13907225,12-APR-2016,1179,INE435G01025,
DHANUKA,EQ,644,663.05,644,649.55,650,641.05,22400,14600134.3,13-APR-2016,976,INE435G01025,
DHANUKA,EQ,660,665,607.55,614.3,611.6,649.55,15502,9859437.9,18-APR-2016,908,INE435G01025,
DHANUKA,EQ,631.95,639.9,620,636.35,638,614.3,9868,6256728.45,20-APR-2016,736,INE435G01025,
DHANUKA,EQ,630,642.75,624.1,633.5,635,636.35,5358,3397507.55,21-APR-2016,444,INE435G01025,
DHANUKA,EQ,630.1,630.1,610,611.25,611,633.5,16227,9959733.4,22-APR-2016,607,INE435G01025,
DHANUKA,EQ,606,618.75,606,609.25,611.5,611.25,7946,4850096.65,25-APR-2016,481,INE435G01025,
DHANUKA,EQ,605.05,614.95,605,608.55,608,609.25,4241,2586899.05,26-APR-2016,338,INE435G01025,
DHANUKA,EQ,605.05,613.95,602.25,607.7,608,608.55,4159,2530185.3,27-APR-2016,226,INE435G01025,
DHANUKA,EQ,605.9,619,602.25,613.3,607.5,607.7,10991,6698638.9,28-APR-2016,718,INE435G01025,
DHANUKA,EQ,613.35,614.75,593.8,601.55,602.45,613.3,6539,3946932.6,29-APR-2016,501,INE435G01025,
DHANUKA,EQ,594,614,592,608.4,607.5,601.55,9920,6041222,02-MAY-2016,500,INE435G01025,
DHANUKA,EQ,602.5,614,602.5,607.4,603,608.4,14880,9069490.15,03-MAY-2016,348,INE435G01025,
DHANUKA,EQ,603.6,607.35,593,598.6,593,607.4,5182,3115167.85,04-MAY-2016,292,INE435G01025,
DHANUKA,EQ,603.5,610,580.05,585.5,585,598.6,18288,10914459,05-MAY-2016,1174,INE435G01025,
DHANUKA,EQ,585.65,593.05,580,586.55,588,585.5,4688,2753334,06-MAY-2016,351,INE435G01025,
DHANUKA,EQ,596.95,596.95,581,585.7,585,586.55,5937,3482982.5,09-MAY-2016,263,INE435G01025,
DHANUKA,EQ,582.05,592.7,575,586.05,589,585.7,5841,3407808.1,10-MAY-2016,890,INE435G01025,
DHANUKA,EQ,578,594.2,577.5,590.4,593,586.05,9274,5424937.5,11-MAY-2016,278,INE435G01025,
DHANUKA,EQ,593.65,615,578.7,609.75,611,590.4,8920,5397750.25,12-MAY-2016,832,INE435G01025,
DHANUKA,EQ,608,643,608,630.1,625,609.75,17158,10781820.2,13-MAY-2016,1161,INE435G01025,
DHANUKA,EQ,633,643,617,624.25,621,630.1,73012,45665597.75,16-MAY-2016,1299,INE435G01025,
DHANUKA,EQ,628.95,643,621,637.4,627.65,624.25,15645,9882236.4,17-MAY-2016,652,INE435G01025,
DHANUKA,EQ,642,645,626.15,635.4,638,637.4,7535,4775750.7,18-MAY-2016,552,INE435G01025,
DHANUKA,EQ,634.95,642.95,629,633.1,630,635.4,28161,18011410.45,19-MAY-2016,556,INE435G01025,
DHANUKA,EQ,629.05,639.1,627,631.05,634.95,633.1,3321,2102688.1,20-MAY-2016,258,INE435G01025,
DHANUKA,EQ,631,631.05,612,618.15,614,631.05,6681,4143201.65,23-MAY-2016,326,INE435G01025,
DHANUKA,EQ,627.95,629,603.25,610,610,618.15,35112,21637155,24-MAY-2016,1603,INE435G01025,
DHANUKA,EQ,618,625,611.6,620.95,615,610,9153,5677875.7,25-MAY-2016,338,INE435G01025,
DHANUKA,EQ,634,639.9,615,629.1,625,620.95,45374,28117967.3,26-MAY-2016,923,INE435G01025,
DHANUKA,EQ,626.55,642.25,626.5,638.95,642.25,629.1,14336,9155201.4,27-MAY-2016,430,INE435G01025,
DHANUKA,EQ,641.95,642.25,620.35,628.2,621.45,638.95,4290,2720783.1,30-MAY-2016,389,INE435G01025,
DHANUKA,EQ,628.6,639.9,621.4,638.3,637,628.2,13704,8699745.6,31-MAY-2016,1384,INE435G01025,
DHANUKA,EQ,641,680,641,668.25,668,638.3,61296,40783820.55,01-JUN-2016,4336,INE435G01025,
DHANUKA,EQ,672,672,650,653.95,653,668.25,8871,5885041.05,02-JUN-2016,467,INE435G01025,
DHANUKA,EQ,660,670,655,655.8,658.5,653.95,11352,7535243.55,03-JUN-2016,754,INE435G01025,
DHANUKA,EQ,678,679.95,658,669.5,670,655.8,139517,93466009.45,06-JUN-2016,891,INE435G01025,
DHANUKA,EQ,674,678,665.5,674.65,669,669.5,19136,12872096.45,07-JUN-2016,708,INE435G01025,
DHANUKA,EQ,674,677,553.2,656.1,657,674.65,31082,19821163.65,08-JUN-2016,1577,INE435G01025,
DHANUKA,EQ,657,672.75,657,658.25,659,656.1,137278,90620671.8,09-JUN-2016,747,INE435G01025,
DHANUKA,EQ,659.05,665,650.15,651.75,652,658.25,6181,4051470.95,10-JUN-2016,398,INE435G01025,
DHANUKA,EQ,651.75,651.95,642.05,649.3,646,651.75,5543,3596722.4,13-JUN-2016,440,INE435G01025,
DHANUKA,EQ,651.5,659.9,650.2,654.35,650.5,649.3,3384,2219203.1,14-JUN-2016,250,INE435G01025,
DHANUKA,EQ,655.05,658.7,643.95,646.95,645.05,654.35,9906,6423431,15-JUN-2016,522,INE435G01025,
DHANUKA,EQ,649.9,656.55,640,646.9,648,646.95,4573,2952078.35,16-JUN-2016,322,INE435G01025,
DHANUKA,EQ,647.2,652,640,642.8,642,646.9,3896,2519929.55,17-JUN-2016,234,INE435G01025,
DHANUKA,EQ,642.85,650,629.95,648.6,648.85,642.8,5148,3304739.55,20-JUN-2016,364,INE435G01025,
DHANUKA,EQ,660.75,675.9,636.5,657.95,659.9,648.6,229763,147374831.4,21-JUN-2016,1173,INE435G01025,
DHANUKA,EQ,658.05,663.5,636.55,639.2,637.3,657.95,134164,85927709.2,22-JUN-2016,699,INE435G01025,
DHANUKA,EQ,649.95,649.95,625,631.25,632,639.2,18830,11897109.75,23-JUN-2016,805,INE435G01025,
DHANUKA,EQ,623.05,633.95,587.1,623.05,628,631.25,36066,21986324.75,24-JUN-2016,2078,INE435G01025,
DHANUKA,EQ,639.9,648,630,643.1,647,623.05,9692,6169785,27-JUN-2016,660,INE435G01025,
DHANUKA,EQ,645,650,639.9,640.25,641.85,643.1,5044,3248067.7,28-JUN-2016,337,INE435G01025,
DHANUKA,EQ,636.5,654.9,633.95,648.9,654.75,640.25,12249,7895719.75,29-JUN-2016,454,INE435G01025,
DHANUKA,EQ,659.9,660,642,657.95,659.9,648.9,20418,13299407.3,30-JUN-2016,1055,INE435G01025,
DHANUKA,EQ,657.05,668,651.05,664.95,663,657.95,8910,5912056.85,01-JUL-2016,777,INE435G01025,
DHANUKA,EQ,664.95,665,644,649.3,651,664.95,13406,8821444.3,04-JUL-2016,873,INE435G01025,
DHANUKA,EQ,654.95,656.05,633.1,641.4,640,649.3,6230,4012112,05-JUL-2016,483,INE435G01025,
DHANUKA,EQ,649.95,650,633.05,644.2,644,641.4,6178,3984096.55,07-JUL-2016,359,INE435G01025,
DHANUKA,EQ,654.9,654.9,631.6,643.45,642.25,644.2,10164,6510328.25,08-JUL-2016,1118,INE435G01025,
DHANUKA,EQ,643.45,658,643,655.9,657.9,643.45,9123,5948879.8,11-JUL-2016,463,INE435G01025,
DHANUKA,EQ,650.1,660,650.05,657.6,659.8,655.9,8271,5413699.7,12-JUL-2016,404,INE435G01025,
DHANUKA,EQ,651.15,662.95,640.2,643,648,657.6,3898,2524389.95,13-JUL-2016,436,INE435G01025,
DHANUKA,EQ,649,654.9,635,640.2,640.1,643,6638,4253993.65,14-JUL-2016,520,INE435G01025,
DHANUKA,EQ,642.05,644.95,624.15,640.9,637.1,640.2,4720,3017504.15,15-JUL-2016,406,INE435G01025,
DHANUKA,EQ,643.35,649.9,632.5,634.8,632.5,640.9,5700,3633425.1,18-JUL-2016,485,INE435G01025,
DHANUKA,EQ,632.5,642.45,632.05,637.15,639,634.8,3284,2092120.65,19-JUL-2016,303,INE435G01025,
DHANUKA,EQ,637.2,657.15,637.15,655.75,656,637.15,7979,5194932.3,20-JUL-2016,573,INE435G01025,
DHANUKA,EQ,655.75,658.5,640.05,644.8,641,655.75,5357,3452337.65,21-JUL-2016,403,INE435G01025,
DHANUKA,EQ,646.95,655,641.3,649,652.5,644.8,7748,5013533,22-JUL-2016,718,INE435G01025,
DHANUKA,EQ,649,660,646.5,650.9,650,649,10157,6623782.65,25-JUL-2016,371,INE435G01025,
DHANUKA,EQ,650.9,655,648.5,652.1,654.5,650.9,3869,2523656.8,26-JUL-2016,205,INE435G01025,
DHANUKA,EQ,647,662.05,647,660.35,660,652.1,16139,10616692.55,27-JUL-2016,1518,INE435G01025,
DHANUKA,EQ,660.35,669.9,656,668.8,669.3,660.35,11745,7793680.7,28-JUL-2016,833,INE435G01025,
DHANUKA,EQ,668,668,660.25,663.9,663,668.8,4844,3213185.8,29-JUL-2016,307,INE435G01025,
DHANUKA,EQ,655,655,640.3,645.5,641.5,663.9,32726,21070923.7,01-AUG-2016,2630,INE435G01025,
DHANUKA,EQ,642,650,640.5,645.65,649.9,645.5,7851,5051433.9,02-AUG-2016,519,INE435G01025,
DHANUKA,EQ,642.05,645,635.1,640.4,635.1,645.65,4653,2983437.75,03-AUG-2016,142,INE435G01025,
DHANUKA,EQ,646,646,630.1,634.7,637.5,640.4,6431,4089375.2,04-AUG-2016,342,INE435G01025,
DHANUKA,EQ,634.7,642,630,639.55,639.75,634.7,102218,65015742.75,05-AUG-2016,150,INE435G01025,
DHANUKA,EQ,648,650,641,650,650,639.55,3519,2273414.95,08-AUG-2016,280,INE435G01025,
DHANUKA,EQ,641,650.5,631.15,634.7,635,650,7602,4859421.55,09-AUG-2016,526,INE435G01025,
DHANUKA,EQ,635,645,635,638.85,638.95,634.7,9179,5875815.75,10-AUG-2016,451,INE435G01025,
DHANUKA,EQ,636.2,655.65,635.2,639.4,637,638.85,20004,12886114.95,11-AUG-2016,1124,INE435G01025,
DHANUKA,EQ,644.95,685,639,677.5,682,639.4,71395,47663403.75,12-AUG-2016,2380,INE435G01025,
DHANUKA,EQ,681,684.4,660.05,678.15,676,677.5,14152,9558730.9,16-AUG-2016,1027,INE435G01025,
DHANUKA,EQ,670,675.65,655,662.45,658.05,678.15,17006,11269191.95,17-AUG-2016,726,INE435G01025,
DHANUKA,EQ,659,684,654.1,677.5,683,662.45,15955,10632337.3,18-AUG-2016,492,INE435G01025,
DHANUKA,EQ,684,698,678.15,695.4,698,677.5,25506,17593639.15,19-AUG-2016,1105,INE435G01025,
DHANUKA,EQ,694.65,715.95,685,710.05,715,695.4,16799,11819287.8,22-AUG-2016,781,INE435G01025,
DHANUKA,EQ,718,729.5,701,723.05,714.3,710.05,27315,19636041.15,23-AUG-2016,1688,INE435G01025,
DHANUKA,EQ,725,728,700,712.35,706.05,723.05,13232,9433828.3,24-AUG-2016,995,INE435G01025,
DHANUKA,EQ,730,730,710,715.5,716.3,712.35,12554,8993010.9,25-AUG-2016,610,INE435G01025,
DHANUKA,EQ,715,724,705.25,720.05,720,715.5,13299,9543663.75,26-AUG-2016,927,INE435G01025,
DHANUKA,EQ,723.9,735.4,715,731.8,729.5,720.05,66298,48427974.05,29-AUG-2016,2124,INE435G01025,
DHANUKA,EQ,732,754,732,750.35,754,731.8,37082,27522153.95,30-AUG-2016,2352,INE435G01025,
DHANUKA,EQ,748.6,777,747.5,762.5,762.7,750.35,35266,26917793.7,31-AUG-2016,1205,INE435G01025,
DHANUKA,EQ,756.5,769.6,730.05,736.35,731,762.5,16073,11916609.65,01-SEP-2016,1158,INE435G01025,
DHANUKA,EQ,733,742.85,721.7,724.7,723,736.35,11661,8481859,02-SEP-2016,781,INE435G01025,
DHANUKA,EQ,724.7,725,692,696,693,724.7,20105,14205214.9,06-SEP-2016,1422,INE435G01025,
DHANUKA,EQ,705,712.8,688.45,702.9,705,696,19409,13611096.05,07-SEP-2016,1305,INE435G01025,
DHANUKA,EQ,713.85,718.95,700.55,705.05,704,702.9,11462,8097214.3,08-SEP-2016,855,INE435G01025,
DHANUKA,EQ,693.5,706.95,688,694.1,694,705.05,9353,6530748.2,09-SEP-2016,646,INE435G01025,
DHANUKA,EQ,688,688,654,671.15,676.6,694.1,27150,18272502.35,12-SEP-2016,2319,INE435G01025,
DHANUKA,EQ,674.9,688.95,650.1,663.7,655.1,671.15,21030,13935054.25,14-SEP-2016,1952,INE435G01025,
DHANUKA,EQ,669,669,650.2,655.15,665,663.7,207471,135947147.5,15-SEP-2016,1141,INE435G01025,
DHANUKA,EQ,673.95,695,662.95,669,666,655.15,21448,14533481.4,16-SEP-2016,1775,INE435G01025,
DHANUKA,EQ,675.05,699.95,663.4,685.6,695,669,17238,11821406.2,19-SEP-2016,2753,INE435G01025,
DHANUKA,EQ,689.95,726.85,683,710.2,715,685.6,17563,12282239.55,20-SEP-2016,1391,INE435G01025,
DHANUKA,EQ,723,731.85,695,710.5,695,710.2,14699,10504769.25,21-SEP-2016,1547,INE435G01025,
DHANUKA,EQ,712.5,719,700.45,711.15,702.25,710.5,8630,6145744.7,22-SEP-2016,882,INE435G01025,
DHANUKA,EQ,714.95,715.25,653.55,668.85,658,711.15,1487239,1039088597.5,23-SEP-2016,5203,INE435G01025,
DHANUKA,EQ,672,676.55,657.85,665.7,664.05,668.85,37563,25064848,26-SEP-2016,1709,INE435G01025,
DHANUKA,EQ,671.95,673.3,662.9,669.95,668.05,665.7,13474,9009795.05,27-SEP-2016,1009,INE435G01025,
DHANUKA,EQ,666.7,682,666.7,678.3,673,669.95,19947,13475766.8,28-SEP-2016,899,INE435G01025,
DHANUKA,EQ,678.5,688,648,661.7,660,678.3,40773,27342119.55,29-SEP-2016,1569,INE435G01025,
DHANUKA,EQ,655,675,642.05,669.35,666.2,661.7,32112,21340751.45,30-SEP-2016,1606,INE435G01025,
DHANUKA,EQ,671.9,683.1,669,681.3,675.2,669.35,27042,18299715.2,03-OCT-2016,2126,INE435G01025,
DHANUKA,EQ,668,684,663,682.15,680.45,681.3,13759,9300370.05,04-OCT-2016,856,INE435G01025,
DHANUKA,EQ,680.95,687,668,676.4,674,682.15,13804,9330000.35,05-OCT-2016,663,INE435G01025,
DHANUKA,EQ,674.95,686.9,667,681,685,676.4,17868,12089564.25,06-OCT-2016,1086,INE435G01025,
DHANUKA,EQ,685.3,685.3,672.15,683,675,681,5346,3635298.7,07-OCT-2016,619,INE435G01025,
DHANUKA,EQ,685,689,680.1,683.55,680.1,683,12673,8678889.15,10-OCT-2016,1720,INE435G01025,
DHANUKA,EQ,681,685.05,654,677.9,680,683.55,14093,9469091.7,13-OCT-2016,847,INE435G01025,
DHANUKA,EQ,672.25,680,667,677.45,670.5,677.9,9975,6715997.55,14-OCT-2016,512,INE435G01025,
DHANUKA,EQ,669.95,678,648.5,650.95,650,677.45,23311,15391761.85,17-OCT-2016,1532,INE435G01025,
DHANUKA,EQ,659.65,665.5,645.4,651.65,648.05,650.95,15576,10188512.6,18-OCT-2016,1001,INE435G01025,
DHANUKA,EQ,660.5,664,645,661.1,663,651.65,40339,26130768.65,19-OCT-2016,1233,INE435G01025,
DHANUKA,EQ,665.05,668.15,641.6,646.2,646,661.1,27863,18107576.65,20-OCT-2016,1553,INE435G01025,
DHANUKA,EQ,644.95,654.05,641.6,646.6,645,646.2,17630,11411635.15,21-OCT-2016,653,INE435G01025,
DHANUKA,EQ,650.95,669,649.95,662.85,659.5,646.6,18314,12118101.5,24-OCT-2016,2696,INE435G01025,
DHANUKA,EQ,657.55,664.55,647.75,653.75,654,662.85,17765,11636642.35,25-OCT-2016,1123,INE435G01025,
DHANUKA,EQ,653,669,650.05,666.2,667.95,653.75,12219,8100665.15,26-OCT-2016,872,INE435G01025,
DHANUKA,EQ,664,670,660.15,665.8,662.25,666.2,10590,7054231.55,27-OCT-2016,952,INE435G01025,
DHANUKA,EQ,675,700,675,694.35,693,665.8,68779,47595318.75,28-OCT-2016,5243,INE435G01025,
DHANUKA,EQ,699.9,707,695,702.65,703,697.75,20095,14101700.05,01-NOV-2016,1554,INE435G01025,
DHANUKA,EQ,693.6,704.9,691,699.65,695.5,702.65,28575,19966406.3,02-NOV-2016,1375,INE435G01025,
DHANUKA,EQ,694,702,691.1,697.85,697.1,699.65,14428,10074258.2,03-NOV-2016,773,INE435G01025,
DHANUKA,EQ,692.1,703.5,660.7,669.7,680,697.85,32554,22058601.75,04-NOV-2016,1427,INE435G01025,
DHANUKA,EQ,670,695,663.5,690.55,695,669.7,12651,8644719.35,07-NOV-2016,2324,INE435G01025,
DHANUKA,EQ,693.35,696.85,682.05,685.75,686,690.55,9717,6676201.4,08-NOV-2016,575,INE435G01025,
DHANUKA,EQ,600,699,580,678.45,674,685.75,27583,18161055.7,09-NOV-2016,746,INE435G01025,
DHANUKA,EQ,705,733.8,682.5,727.4,727.3,678.45,117590,84517044.3,10-NOV-2016,6088,INE435G01025,
DHANUKA,EQ,741.65,751,727.4,741.7,741.3,727.4,64645,47772888,11-NOV-2016,4393,INE435G01025,
DHANUKA,EQ,742.2,751,690.15,707.75,707,741.7,28321,20268068.7,15-NOV-2016,3399,INE435G01025,
DHANUKA,EQ,710,720.15,700,711.55,708,707.75,13000,9246746.55,16-NOV-2016,1153,INE435G01025,
DHANUKA,EQ,714.5,716.7,690.5,695.95,703.9,711.55,11070,7800685.9,17-NOV-2016,1097,INE435G01025,
DHANUKA,EQ,700,710,691.6,705.3,710,695.95,4774,3340710.3,18-NOV-2016,699,INE435G01025,
DHANUKA,EQ,700,718,675.1,680.2,690.6,705.3,10280,7086727.65,21-NOV-2016,2278,INE435G01025,
DHANUKA,EQ,700,700,672.05,679.25,678.1,680.2,5706,3886915.2,22-NOV-2016,804,INE435G01025,
DHANUKA,EQ,678.1,700,669.75,685.25,684,679.25,12752,8705493.2,23-NOV-2016,1172,INE435G01025,
DHANUKA,EQ,685,705,675.45,692.6,695,685.25,36030,24972743.45,24-NOV-2016,897,INE435G01025,
DHANUKA,EQ,690.1,709.5,687,708,709.5,692.6,14294,9967664.8,25-NOV-2016,1156,INE435G01025,
DHANUKA,EQ,708,715,693.1,711.45,714,708,10363,7356430.45,28-NOV-2016,977,INE435G01025,
DHANUKA,EQ,703.1,713.3,700,702.4,700.1,711.45,11765,8307388.65,29-NOV-2016,1775,INE435G01025,
DHANUKA,EQ,700,720,700,719.5,720,702.4,10772,7689082.15,30-NOV-2016,656,INE435G01025,
DHANUKA,EQ,724.9,724.9,703.6,708.9,705,719.5,16283,11577065.5,01-DEC-2016,1829,INE435G01025,
DHANUKA,EQ,705.05,719,697.85,706.45,701,708.9,7965,5635408.7,02-DEC-2016,863,INE435G01025,
DHANUKA,EQ,695.55,708.55,692,694.85,693,706.45,21412,14928077.8,05-DEC-2016,1810,INE435G01025,
DHANUKA,EQ,699.9,708,695.35,706.25,708,694.85,7865,5521857.8,06-DEC-2016,959,INE435G01025,
DHANUKA,EQ,710,710,696.05,702.2,702,706.25,10271,7205452.35,07-DEC-2016,625,INE435G01025,
DHANUKA,EQ,702,709,698.8,700.75,705,702.2,8183,5750135.8,08-DEC-2016,391,INE435G01025,
DHANUKA,EQ,706.8,715,698.25,701.75,698.25,700.75,16805,11877393.9,09-DEC-2016,1484,INE435G01025,
DHANUKA,EQ,700,708,696.15,701.2,704.5,701.75,6999,4920631,12-DEC-2016,362,INE435G01025,
DHANUKA,EQ,701.2,713.5,699.2,709.1,709,701.2,11522,8133904.85,13-DEC-2016,2439,INE435G01025,
DHANUKA,EQ,715,715,699.2,701.1,699.5,709.1,16053,11281553.5,14-DEC-2016,1251,INE435G01025,
DHANUKA,EQ,701.1,710,697,701.8,698,701.1,14366,10099880.3,15-DEC-2016,406,INE435G01025,
DHANUKA,EQ,695,710,695,702.35,703,701.8,13192,9274592.95,16-DEC-2016,1664,INE435G01025,
DHANUKA,EQ,703,720,700,717.5,720,702.35,20486,14536022.55,19-DEC-2016,1673,INE435G01025,
DHANUKA,EQ,720,720,708,718.65,719.4,717.5,9875,7053070.95,20-DEC-2016,1013,INE435G01025,
DHANUKA,EQ,711.8,724.9,711.8,720.1,717.5,718.65,5152,3706810.9,21-DEC-2016,539,INE435G01025,
DHANUKA,EQ,721.9,723,713,715.6,714,720.1,7007,5023900.25,22-DEC-2016,757,INE435G01025,
DHANUKA,EQ,711,717.4,706.05,713.65,713,715.6,11261,8008425.8,23-DEC-2016,1156,INE435G01025,
DHANUKA,EQ,711,720,702.05,713.25,716.95,713.65,7205,5117495.95,26-DEC-2016,284,INE435G01025,
DHANUKA,EQ,715,718.75,700,716.45,715.05,713.25,261757,183402957.35,27-DEC-2016,1064,INE435G01025,
DHANUKA,EQ,728,737.9,722,727,725,716.45,27099,19800451.75,28-DEC-2016,1813,INE435G01025,
DHANUKA,EQ,738.85,738.85,725.05,734.85,735.55,727,10098,7397250.65,29-DEC-2016,492,INE435G01025,
DHANUKA,EQ,730.05,744.3,725.05,734.6,734,734.85,18557,13645940.1,30-DEC-2016,4098,INE435G01025,
DHANUKA,EQ,736,748.8,730.7,746.45,748.8,734.6,11586,8593595.25,02-JAN-2017,951,INE435G01025,
DHANUKA,EQ,751.9,774.95,749.05,759.65,760,746.45,57798,44145473.95,03-JAN-2017,2899,INE435G01025,
DHANUKA,EQ,757.45,769,757.45,764.05,763.2,759.65,20508,15671795.3,04-JAN-2017,1020,INE435G01025,
DHANUKA,EQ,765,779,763.5,776.1,773.2,764.05,21321,16436062.35,05-JAN-2017,1181,INE435G01025,
DHANUKA,EQ,772,778,770.5,775.45,776.05,776.1,15242,11803579.8,06-JAN-2017,1111,INE435G01025,
DHANUKA,EQ,780,793.8,771.65,786.1,784.25,775.45,33468,26292547.1,09-JAN-2017,1804,INE435G01025,
DHANUKA,EQ,798,798,782.15,786.75,786.95,786.1,25181,19836192.55,10-JAN-2017,1159,INE435G01025,
DHANUKA,EQ,790,791.8,783.95,786.2,785,786.75,55195,43384455,11-JAN-2017,1154,INE435G01025,
DHANUKA,EQ,767.5,773.4,753.75,769.45,770,786.2,19764,15084734.65,12-JAN-2017,1814,INE435G01025,
DHANUKA,EQ,770.05,775.5,755.5,768.15,767.85,769.45,12920,9896309.5,13-JAN-2017,818,INE435G01025,
DHANUKA,EQ,768,774.95,763.8,772.3,772.25,768.15,11023,8465780.95,16-JAN-2017,525,INE435G01025,
DHANUKA,EQ,772.3,787.4,763.5,780.5,780,772.3,7772,6057605.25,17-JAN-2017,1241,INE435G01025,
DHANUKA,EQ,773,779.9,750,756.95,755.25,780.5,15383,11760037.5,18-JAN-2017,2291,INE435G01025,
DHANUKA,EQ,765,765,740.5,744.95,741.55,756.95,15583,11674008.35,19-JAN-2017,2609,INE435G01025,
DHANUKA,EQ,741.05,754.8,726.55,731.45,732.8,744.95,15897,11707138.1,20-JAN-2017,2121,INE435G01025,
DHANUKA,EQ,725,746.75,725,739.25,739.95,731.45,15610,11527797.7,23-JAN-2017,2532,INE435G01025,
DHANUKA,EQ,745,745,730.5,737.45,738.95,739.25,11360,8375594.6,24-JAN-2017,1218,INE435G01025,
DHANUKA,EQ,748,748.1,725,729.25,726.35,737.45,24532,17995802.3,25-JAN-2017,2584,INE435G01025,
DHANUKA,EQ,735.4,758,721.85,747.8,747.35,729.25,18110,13336502.25,27-JAN-2017,1703,INE435G01025,
DHANUKA,EQ,757,757,722,730.45,731,747.8,22307,16274110.75,30-JAN-2017,2721,INE435G01025,
DHANUKA,EQ,731,745.05,675,687.45,695,730.45,142021,100258653.75,31-JAN-2017,7604,INE435G01025,
DHANUKA,EQ,707.75,744.5,690,720.65,716,687.45,31760,22817605.3,01-FEB-2017,2846,INE435G01025,
DHANUKA,EQ,718.9,737.45,716,730.15,733,720.65,12910,9398263.95,02-FEB-2017,981,INE435G01025,
DHANUKA,EQ,745,759.5,730.9,756.25,754.95,730.15,19106,14281000.5,03-FEB-2017,2681,INE435G01025,
DHANUKA,EQ,757,767.75,745.05,758.35,758.5,756.25,17663,13344452.65,06-FEB-2017,1263,INE435G01025,
DHANUKA,EQ,752,764.5,731.1,741.6,738.4,758.35,59652,44968895.95,07-FEB-2017,3930,INE435G01025,
DHANUKA,EQ,750,762,749.5,758.4,755.2,741.6,13961,10534444,08-FEB-2017,1181,INE435G01025,
DHANUKA,EQ,764.9,790,761,779.3,780,758.4,39903,30906519.7,09-FEB-2017,2308,INE435G01025,
DHANUKA,EQ,787.5,792.45,771.4,778.95,779.9,779.3,24630,19213066.2,10-FEB-2017,1516,INE435G01025,
DHANUKA,EQ,785,785,760,773.3,767.45,778.95,13813,10698878.2,13-FEB-2017,624,INE435G01025,
DHANUKA,EQ,770,776.95,755,767.1,761,773.3,15380,11805203.25,14-FEB-2017,1342,INE435G01025,
DHANUKA,EQ,764.3,774,750.15,755.95,758.5,767.1,13794,10471507.15,15-FEB-2017,717,INE435G01025,
DHANUKA,EQ,753.05,770.1,751,764.8,767.7,755.95,18495,14151207.95,16-FEB-2017,1367,INE435G01025,
DHANUKA,EQ,761.05,770,748,758,751,764.8,14345,10932368.4,17-FEB-2017,768,INE435G01025,
DHANUKA,EQ,750,777.7,741,774.5,773,758,9502,7288331.95,20-FEB-2017,1265,INE435G01025,
DHANUKA,EQ,779.65,779.65,764.7,774.7,775,774.5,7001,5400886.65,21-FEB-2017,1072,INE435G01025,
DHANUKA,EQ,765,775,765,768.45,769.8,774.7,7051,5420389.25,22-FEB-2017,763,INE435G01025,
DHANUKA,EQ,773.95,787.9,761,776.65,778,768.45,8834,6837277.9,23-FEB-2017,829,INE435G01025,
DHANUKA,EQ,784.95,789.7,761.9,774.05,774.7,776.65,32070,24903885.75,27-FEB-2017,2625,INE435G01025,
DHANUKA,EQ,768,783,768,777.05,774,774.05,27453,21266816.65,28-FEB-2017,1150,INE435G01025,
DHANUKA,EQ,780,788,772,782.15,779.95,777.05,14932,11628369.3,01-MAR-2017,985,INE435G01025,
DHANUKA,EQ,779,790,775,785.1,782,782.15,12618,9894000.45,02-MAR-2017,915,INE435G01025,
DHANUKA,EQ,777.6,790,775.1,782.15,778,785.1,12955,10158292.6,03-MAR-2017,1168,INE435G01025,
DHANUKA,EQ,780.75,795.25,772.5,786.5,787.9,782.15,14244,11126060.7,06-MAR-2017,769,INE435G01025,
DHANUKA,EQ,795.15,799.95,775.25,780.2,775.25,786.5,11396,8956012.8,07-MAR-2017,690,INE435G01025,
DHANUKA,EQ,789,789.95,773.55,786.05,778.1,780.2,12969,10104242.3,08-MAR-2017,1056,INE435G01025,
DHANUKA,EQ,788,789.9,772.95,788.15,786,786.05,15505,12134764.6,09-MAR-2017,2734,INE435G01025,
DHANUKA,EQ,776.05,795,776.05,791.8,790,788.15,17775,14027932.75,10-MAR-2017,1203,INE435G01025,
DHANUKA,EQ,799,799,753.6,794.75,795.9,791.8,23315,18360510.55,14-MAR-2017,1595,INE435G01025,
DHANUKA,EQ,794.8,798.5,783.8,795.35,796,794.75,25849,20524236.25,15-MAR-2017,1503,INE435G01025,
DHANUKA,EQ,797,800,781.5,794.55,799,795.35,19475,15419280.8,16-MAR-2017,1630,INE435G01025,
DHANUKA,EQ,790.05,816.7,787.5,797.2,793,794.55,30440,24220632.8,17-MAR-2017,2901,INE435G01025,
DHANUKA,EQ,803.9,825,790,815.8,819.8,797.2,51629,41861728.9,20-MAR-2017,2943,INE435G01025,
DHANUKA,EQ,815.8,823,789.35,815.6,805,815.8,56452,45366063.25,21-MAR-2017,3571,INE435G01025,
DHANUKA,EQ,809,809,783,792.05,788.5,815.6,28617,22716029.7,22-MAR-2017,1825,INE435G01025,
DHANUKA,EQ,795,809,780.05,804.6,796.05,792.05,20196,16000111.1,23-MAR-2017,1074,INE435G01025,
DHANUKA,EQ,795.55,820,791,812.25,804.05,804.6,22905,18474124.65,24-MAR-2017,1808,INE435G01025,
DHANUKA,EQ,818.5,822,795.8,819.75,819.9,812.25,25453,20678937.4,27-MAR-2017,2340,INE435G01025,
DHANUKA,EQ,819.75,819.75,800,801.8,804,819.75,22601,18294508.35,28-MAR-2017,1255,INE435G01025,
DHANUKA,EQ,801.05,808,791.5,797.05,792.15,801.8,17337,13847017.35,29-MAR-2017,2889,INE435G01025,
DHANUKA,EQ,792,801.8,765.5,793,790,797.05,42449,33047923,30-MAR-2017,1718,INE435G01025,
DHANUKA,EQ,790,800,786.1,795.25,789,793,29914,23774580.05,31-MAR-2017,11452,INE435G01025,
DHANUKA,EQ,790,809.8,780,795.55,796,795.25,22978,18383827.15,03-APR-2017,1828,INE435G01025,
DHANUKA,EQ,798.55,799.9,780.2,791.85,786,795.55,27679,21827710.1,05-APR-2017,3260,INE435G01025,
DHANUKA,EQ,791.85,794.2,782,789.1,788,791.85,13370,10523444.3,06-APR-2017,852,INE435G01025,
DHANUKA,EQ,789.1,789.1,764.1,777.2,771,789.1,26383,20466238.85,07-APR-2017,1742,INE435G01025,
DHANUKA,EQ,785.95,795,764.95,786.55,779,777.2,29197,22672909.85,10-APR-2017,4027,INE435G01025,
DHANUKA,EQ,786.55,819.85,778.85,807.55,819,786.55,133899,105392745.2,11-APR-2017,2374,INE435G01025,
DHANUKA,EQ,814.9,819,792.7,815.65,816,807.55,25546,20631261.9,12-APR-2017,1709,INE435G01025,
DHANUKA,EQ,815.65,824.4,804,819.1,811.95,815.65,21271,17347912.95,13-APR-2017,1717,INE435G01025,
DHANUKA,EQ,802,819.15,802,813.65,809.65,819.1,25685,20875784.1,17-APR-2017,1433,INE435G01025,
DHANUKA,EQ,815,838.95,802,827.9,830,813.65,31651,26099516.2,18-APR-2017,1806,INE435G01025,
DHANUKA,EQ,829.05,832.1,822,829.95,825.05,827.9,20981,17409221.45,19-APR-2017,1194,INE435G01025,
DHANUKA,EQ,829,929.5,823.1,859.15,841.35,829.95,26910,22762909.4,20-APR-2017,853,INE435G01025,
DHANUKA,EQ,859.5,885.5,840,875.45,867,859.15,20816,17937665.8,21-APR-2017,1543,INE435G01025,
DHANUKA,EQ,875.45,908.95,872.85,896.3,900,875.45,18130,16109765.5,24-APR-2017,1109,INE435G01025,
DHANUKA,EQ,896.35,901.85,875.05,889.1,878.95,896.3,26916,24010342.5,25-APR-2017,2623,INE435G01025,
DHANUKA,EQ,889,899,866.5,875.05,866.5,889.1,19375,17041139.3,26-APR-2017,1285,INE435G01025,
DHANUKA,EQ,875.05,887,854.05,868.85,867.75,875.05,20321,17688989.4,27-APR-2017,1238,INE435G01025,
DHANUKA,EQ,865,914,860.05,903.95,905,868.85,26399,23518667.9,28-APR-2017,3753,INE435G01025,
DHANUKA,EQ,901.9,929.8,896,916.5,917.95,903.95,33430,30401105.8,02-MAY-2017,1582,INE435G01025,
DHANUKA,EQ,906.65,920,895,897.2,895,916.5,22923,20742734.8,03-MAY-2017,2259,INE435G01025,
DHANUKA,EQ,912.95,925,885.3,896.95,891.2,897.2,20447,18498837.3,04-MAY-2017,1232,INE435G01025,
DHANUKA,EQ,895.05,902.65,869.05,883.85,876,896.95,39117,34728786.25,05-MAY-2017,2807,INE435G01025,
DHANUKA,EQ,884,899.65,875.55,894.65,885.5,883.85,18642,16511268.65,08-MAY-2017,1066,INE435G01025,
DHANUKA,EQ,894,904.95,888,896.85,893,894.65,12878,11585574.15,09-MAY-2017,1793,INE435G01025,
DHANUKA,EQ,900,903.95,890,898.65,898.2,896.85,18442,16588166.65,10-MAY-2017,916,INE435G01025,
DHANUKA,EQ,898.55,901.5,887.5,898.4,899.75,898.65,15569,13965347.75,11-MAY-2017,1215,INE435G01025,
DHANUKA,EQ,898.4,914,892.2,910.65,909.8,898.4,26360,23847504.6,12-MAY-2017,1327,INE435G01025,
DHANUKA,EQ,920,920,896.95,904.45,900.45,910.65,46894,42553787.1,15-MAY-2017,1635,INE435G01025,
DHANUKA,EQ,900,907.9,890.9,898.1,898.85,904.45,20112,18132188.8,16-MAY-2017,1028,INE435G01025,
DHANUKA,EQ,884.6,909.9,884.6,904.9,906.65,898.1,32625,29452623.85,17-MAY-2017,1630,INE435G01025,
DHANUKA,EQ,895,905.8,871,879.35,878.5,904.9,21233,18703862.75,18-MAY-2017,1539,INE435G01025,
DHANUKA,EQ,880,899.95,773.3,832.05,831,879.35,181226,147984910.4,19-MAY-2017,7284,INE435G01025,
DHANUKA,EQ,820,836,776.95,794.15,793,832.05,157638,123983987.25,22-MAY-2017,2924,INE435G01025,
DHANUKA,EQ,819.9,819.9,770.5,782.35,772,794.15,25117,19794609.05,23-MAY-2017,1645,INE435G01025,
DHANUKA,EQ,772,792.2,760,767.6,765,782.35,22029,17059442,24-MAY-2017,1333,INE435G01025,
DHANUKA,EQ,768,789.5,765.5,786.95,783,767.6,19709,15376543.85,25-MAY-2017,1236,INE435G01025,
DHANUKA,EQ,785.95,799,769.85,786.45,776,786.95,30966,24307911.25,26-MAY-2017,1822,INE435G01025,
DHANUKA,EQ,786,828,770.1,806.2,828,786.45,17263,13639458.55,29-MAY-2017,1454,INE435G01025,
DHANUKA,EQ,825,859.55,801.75,843.6,836.05,806.2,25132,20770789.15,30-MAY-2017,1927,INE435G01025,
DHANUKA,EQ,832.8,879.95,830,874.3,858.3,843.6,42813,37060524.95,31-MAY-2017,3443,INE435G01025,
DHANUKA,EQ,864.1,892,864.1,888.05,887,874.3,27115,24010156.9,01-JUN-2017,1906,INE435G01025,
DHANUKA,EQ,880,891.9,878,884.35,878,888.05,16063,14200636.8,02-JUN-2017,1503,INE435G01025,
DHANUKA,EQ,880,910,875.15,903.25,896.5,884.35,24538,21936266,05-JUN-2017,1794,INE435G01025,
DHANUKA,EQ,903.5,907.95,885,896.8,901.95,903.25,19639,17617475.05,06-JUN-2017,1681,INE435G01025,
DHANUKA,EQ,896.8,904.45,890,893.65,890,896.8,18769,16796899.7,07-JUN-2017,1469,INE435G01025,
DHANUKA,EQ,893.65,914,885.2,907.8,913,893.65,16227,14594092.3,08-JUN-2017,1329,INE435G01025,
DHANUKA,EQ,900.05,921,896.5,919.05,920,907.8,12709,11614084.5,09-JUN-2017,1134,INE435G01025,
DHANUKA,EQ,920,920.4,867.35,885.6,884,919.05,39116,34781547.25,12-JUN-2017,2769,INE435G01025,
DHANUKA,EQ,880,902.5,871,895.75,898.75,885.6,11325,10148398.85,13-JUN-2017,1468,INE435G01025,
DHANUKA,EQ,910,912.4,892.2,898.35,893.5,895.75,11179,10055171.7,14-JUN-2017,456,INE435G01025,
DHANUKA,EQ,891.1,900,884.05,897.7,890,898.35,18723,16698803.1,15-JUN-2017,943,INE435G01025,
DHANUKA,EQ,895.15,905.45,892.85,897.55,895.05,897.7,20291,18249131.95,16-JUN-2017,1176,INE435G01025,
DHANUKA,EQ,907,907,883.45,889.9,884.5,897.55,17688,15834027.2,19-JUN-2017,1681,INE435G01025,
DHANUKA,EQ,894.25,895,851.1,863.85,853.9,889.9,44516,38447433,20-JUN-2017,2472,INE435G01025,
DHANUKA,EQ,863.85,889,851.2,872.35,868.35,863.85,28675,24977289.75,21-JUN-2017,2291,INE435G01025,
DHANUKA,EQ,872.4,873,852.5,856.85,852.5,872.35,24814,21366304.35,22-JUN-2017,1421,INE435G01025,
DHANUKA,EQ,860,874.5,838.95,865.5,856,856.85,23051,19828080.1,23-JUN-2017,1609,INE435G01025,
DHANUKA,EQ,860,878,841.65,873.45,871,865.5,16363,14182518.15,27-JUN-2017,1335,INE435G01025,
DHANUKA,EQ,856,874.9,840,847.35,843.15,873.45,25775,21975073.1,28-JUN-2017,1319,INE435G01025,
DHANUKA,EQ,856,856,841.2,848.15,850,847.35,19617,16647408.45,29-JUN-2017,1029,INE435G01025,
DHANUKA,EQ,846,846,825,839.85,840,848.15,33471,28035055.3,30-JUN-2017,3042,INE435G01025,
DHANUKA,EQ,848.8,853,830,836.5,831,839.85,26322,22094659.6,03-JUL-2017,761,INE435G01025,
DHANUKA,EQ,834.95,845,831,835.85,833.95,836.5,16158,13504563.8,04-JUL-2017,770,INE435G01025,
DHANUKA,EQ,840,841.05,814,817,814,835.85,34903,28721866.4,05-JUL-2017,1800,INE435G01025,
DHANUKA,EQ,822,835,816,818.1,816.3,817,7190,5901839.35,06-JUL-2017,696,INE435G01025,
DHANUKA,EQ,818,823,814,815.85,814,818.1,6662,5450861.35,07-JUL-2017,383,INE435G01025,
DHANUKA,EQ,815,835,815,822.85,825,815.85,4565,3760868.4,10-JUL-2017,233,INE435G01025
DHANUKA,EQ,819.05,835,819.05,824.1,825,822.85,7043,5809184,11-JUL-2017,429,INE435G01025,
DHANUKA,EQ,825,828,813.1,814.7,813.1,824.1,8820,7243125.95,12-JUL-2017,406,INE435G01025,
DHANUKA,EQ,823.35,825,807,809.55,807,814.7,20155,16374630.15,13-JUL-2017,1243,INE435G01025,
DHANUKA,EQ,809.55,810.05,795,798.55,798,809.55,16635,13312402.45,14-JUL-2017,1546,INE435G01025,
DHANUKA,EQ,800,804.95,788.15,798.95,799.5,798.55,15431,12275380.3,17-JUL-2017,908,INE435G01025,
DHANUKA,EQ,798.95,809,796.55,805.95,803,798.95,15836,12734788.9,18-JUL-2017,1175,INE435G01025,
DHANUKA,EQ,800.5,814.9,800,805.8,805,805.95,10704,8653199.6,19-JUL-2017,637,INE435G01025,
DHANUKA,EQ,805.8,825,803,821.8,815.1,805.8,9419,7688571.25,20-JUL-2017,614,INE435G01025,
DHANUKA,EQ,824,825,812,819.5,812.15,821.8,4877,4003577.2,21-JUL-2017,462,INE435G01025,
DHANUKA,EQ,812.15,822.7,804.6,810.15,810,819.5,11732,9566450.65,24-JUL-2017,821,INE435G01025,
DHANUKA,EQ,810.15,814.65,795.15,808.55,806.95,810.15,23719,19060822.2,25-JUL-2017,1511,INE435G01025,
DHANUKA,EQ,785,791.95,760,764.95,765,783.1,34492,26528536.25,27-JUL-2017,1592,INE435G01025,
DHANUKA,EQ,753,764,746.5,750.3,750,764.95,32113,24202918.15,28-JUL-2017,1677,INE435G01025,
DHANUKA,EQ,768,768,742,749.35,750,750.3,27221,20437490.1,31-JUL-2017,2127,INE435G01025,
DHANUKA,EQ,741.5,769,740,758.1,760,749.35,22452,16816629.95,01-AUG-2017,1368,INE435G01025,
DHANUKA,EQ,751.1,765,746,760.45,761.2,758.1,16189,12224415.55,02-AUG-2017,1492,INE435G01025,
DHANUKA,EQ,762,774.7,755,759.55,755,760.45,14975,11444464.2,03-AUG-2017,1274,INE435G01025,
DHANUKA,EQ,766.4,766.4,730.1,734.6,733.1,759.55,35588,26346834.35,04-AUG-2017,2067,INE435G01025,
DHANUKA,EQ,747,764.95,725.7,755.7,759.9,734.6,30052,22254503.05,07-AUG-2017,2929,INE435G01025,
DHANUKA,EQ,755.7,777,741,765.2,765,755.7,14768,11214447.45,08-AUG-2017,1626,INE435G01025,
DHANUKA,EQ,755,779.65,750.1,776.9,778.1,765.2,10898,8407749.25,09-AUG-2017,1231,INE435G01025,
DHANUKA,EQ,770,785,751,758.4,760,776.9,18919,14343580.9,10-AUG-2017,1478,INE435G01025,
DHANUKA,EQ,750,760,719.05,730.6,730.05,758.4,34356,25156601.5,11-AUG-2017,3457,INE435G01025,
DHANUKA,EQ,726,759.65,722.35,754.45,750,730.6,12779,9559514.45,14-AUG-2017,1010,INE435G01025,
DHANUKA,EQ,746,761.65,734.15,744.55,743,754.45,26893,20042717.2,16-AUG-2017,1936,INE435G01025,
DHANUKA,EQ,738,750,738,744.7,742.15,744.55,12449,9265282.15,17-AUG-2017,1728,INE435G01025,
DHANUKA,EQ,743,749.9,727.95,733.6,733,744.7,17449,12861888.6,18-AUG-2017,1186,INE435G01025,
DHANUKA,EQ,733.6,737.75,720,726.4,720,733.6,14637,10689306.2,21-AUG-2017,1838,INE435G01025,
DHANUKA,EQ,720.3,726.45,696.2,708.95,705,726.4,16706,11848622.15,22-AUG-2017,905,INE435G01025,
DHANUKA,EQ,718,750,697.05,704.55,705,708.95,14657,10346341.4,23-AUG-2017,909,INE435G01025,
DHANUKA,EQ,710,710,696.6,699.8,699,704.55,24313,17037078.15,24-AUG-2017,1759,INE435G01025,
DHANUKA,EQ,705.05,713.65,696,699.6,699,699.8,24858,17418360.45,28-AUG-2017,1172,INE435G01025,
DHANUKA,EQ,699.65,705.9,692.75,694.25,695,699.6,12624,8787180.05,29-AUG-2017,693,INE435G01025,
DHANUKA,EQ,692,700.55,683,685,683.3,694.25,25203,17376555.6,30-AUG-2017,1110,INE435G01025,
DHANUKA,EQ,699,699,666,687.6,678.8,685,28404,19277413.45,31-AUG-2017,3168,INE435G01025,
DHANUKA,EQ,690.05,694.95,674.25,682.35,683.95,687.6,22340,15238377.35,01-SEP-2017,1921,INE435G01025,
DHANUKA,EQ,678,684.05,674,681.1,681.9,682.35,14792,10038659.5,04-SEP-2017,2586,INE435G01025,
DHANUKA,EQ,682,686.9,670,683.9,684.5,681.1,20368,13834763.75,05-SEP-2017,1445,INE435G01025,
DHANUKA,EQ,684.25,688,677,684.2,687,683.9,26451,18012250.2,06-SEP-2017,1572,INE435G01025,
DHANUKA,EQ,689.9,710.3,680.05,702.95,695.1,684.2,20112,14035349.85,07-SEP-2017,2551,INE435G01025,
DHANUKA,EQ,708.95,708.95,692.3,696.7,699,702.95,16880,11800897.05,08-SEP-2017,1443,INE435G01025,
DHANUKA,EQ,692.1,712.9,675.3,679.2,677,696.7,30728,21206922.1,11-SEP-2017,1744,INE435G01025,
DHANUKA,EQ,679.1,684.5,670.3,673.1,672,679.2,27721,18755345.4,12-SEP-2017,1437,INE435G01025,
DHANUKA,EQ,673,673,650.2,655.05,654,673.1,37721,24950264.35,13-SEP-2017,1918,INE435G01025,
DHANUKA,EQ,661.65,702.95,655,694.4,695,655.05,65148,43703970.7,14-SEP-2017,2298,INE435G01025,
DHANUKA,EQ,699,713.75,696.4,703.2,698,694.4,77537,54635108,15-SEP-2017,8389,INE435G01025,
DHANUKA,EQ,707.5,708.15,685,687.3,687.2,703.2,36083,24967363.9,18-SEP-2017,3642,INE435G01025,
DHANUKA,EQ,687,687.3,672.25,676,672.35,687.3,27742,18795692.7,19-SEP-2017,2340,INE435G01025,
DHANUKA,EQ,679,695.95,675.05,685,676.6,676,21457,14644296.7,20-SEP-2017,3796,INE435G01025,
DHANUKA,EQ,685,689,671.1,686.5,682,685,13843,9428353.55,21-SEP-2017,1646,INE435G01025,
DHANUKA,EQ,686.9,686.9,661.95,679.15,674,686.5,27230,18271291.95,22-SEP-2017,2454,INE435G01025,
DHANUKA,EQ,679.15,679.15,655.1,661.65,657.85,679.15,19539,12986476.3,25-SEP-2017,1661,INE435G01025,
DHANUKA,EQ,663,665.5,650,654.7,653.2,661.65,24617,16125938.05,26-SEP-2017,2787,INE435G01025,
DHANUKA,EQ,658.45,670,645,659.3,655.6,654.7,17146,11212910.5,27-SEP-2017,2750,INE435G01025,
DHANUKA,EQ,650.05,688.95,643,676.55,678,659.3,26120,17531903.1,28-SEP-2017,3932,INE435G01025,
DHANUKA,EQ,676.5,682.15,655.1,672.1,658.5,676.55,34097,23000909.35,29-SEP-2017,8518,INE435G01025,
DHANUKA,EQ,672.5,680.9,664.25,672.15,671.5,672.1,19804,13340049.75,03-OCT-2017,3309,INE435G01025,
DHANUKA,EQ,668,685,668,676.55,685,672.15,17823,12052771.45,04-OCT-2017,1607,INE435G01025,
DHANUKA,EQ,676.55,680,663.45,667.15,665,676.55,15220,10191660.8,05-OCT-2017,1774,INE435G01025,
DHANUKA,EQ,662,671.95,662,669.8,665.2,667.15,12495,8344643.95,06-OCT-2017,1921,INE435G01025,
DHANUKA,EQ,670,672.95,655,662.7,660.05,669.8,22286,14738732.5,09-OCT-2017,2102,INE435G01025,
DHANUKA,EQ,661.05,670,655,665.6,664,662.7,16076,10668967,10-OCT-2017,1572,INE435G01025,
DHANUKA,EQ,665,686.6,661.05,674.8,674.75,665.6,17724,11981035.45,11-OCT-2017,2385,INE435G01025,
DHANUKA,EQ,676,684.55,671,677.45,675.1,674.8,11883,8054962.1,12-OCT-2017,1389,INE435G01025,
DHANUKA,EQ,677.45,681.9,661.05,672.45,667.95,677.45,12253,8271439.75,13-OCT-2017,1156,INE435G01025,
DHANUKA,EQ,662.4,688.4,662.4,677.85,675.2,672.45,18712,12600157.35,16-OCT-2017,2364,INE435G01025,
DHANUKA,EQ,670.15,679.9,670,673.9,678.95,677.85,12076,8151136.35,17-OCT-2017,1262,INE435G01025,
DHANUKA,EQ,673.9,675.05,655.2,672.65,672.9,673.9,18491,12333577.45,18-OCT-2017,1407,INE435G01025,
DHANUKA,EQ,671.9,679.9,664,675.15,678.45,671.9,34130,23030157.95,23-OCT-2017,4443,INE435G01025,
DHANUKA,EQ,676.65,680.6,665.15,666.5,665.25,675.15,17729,11897685.95,24-OCT-2017,2189,INE435G01025,
DHANUKA,EQ,673.1,674.95,660.1,668.05,665,666.5,17129,11434540.6,25-OCT-2017,2821,INE435G01025,
DHANUKA,EQ,666.7,668.35,659,660.35,659.05,668.05,13638,9038544.55,26-OCT-2017,2542,INE435G01025,
DHANUKA,EQ,670,670,656,660.3,659.95,660.35,16791,11074114.15,27-OCT-2017,1762,INE435G01025,
DHANUKA,EQ,668.95,669,646,648.2,650.5,660.3,133199,86657799.7,30-OCT-2017,6337,INE435G01025,
DHANUKA,EQ,646,657.1,643.05,646.95,645,648.2,47790,31044879.95,31-OCT-2017,5203,INE435G01025,
DHANUKA,EQ,649.9,649.9,636.1,638.95,638,646.95,35178,22539580,01-NOV-2017,2505,INE435G01025,
DHANUKA,EQ,639.95,648,629.4,644.4,647.25,638.95,39777,25342597.45,02-NOV-2017,2427,INE435G01025,
DHANUKA,EQ,652,655,636.05,648.75,650,644.4,13461,8742775.4,03-NOV-2017,1081,INE435G01025,
DHANUKA,EQ,649.95,651.55,645,649.1,645.05,648.75,13432,8721635.6,06-NOV-2017,862,INE435G01025,
DHANUKA,EQ,645.05,650,636,645.4,645.6,649.1,13134,8493723.3,07-NOV-2017,489,INE435G01025,
DHANUKA,EQ,646,649,643.3,647.2,645,645.4,7796,5043848.1,08-NOV-2017,567,INE435G01025,
DHANUKA,EQ,643,657.95,640.95,649.5,648.35,647.2,14255,9250576.15,09-NOV-2017,1355,INE435G01025,
DHANUKA,EQ,645,655,638.15,641.75,641,649.5,19242,12379428.2,10-NOV-2017,1282,INE435G01025,
DHANUKA,EQ,636,658,629.8,651.45,651.9,641.75,177204,114976064.9,13-NOV-2017,3310,INE435G01025,
DHANUKA,EQ,659.9,664,642.45,659.4,660,651.45,158670,102809383.1,14-NOV-2017,2488,INE435G01025,
DHANUKA,EQ,669.3,669.75,657.65,663.95,663.5,659.4,30561,20294320.55,15-NOV-2017,2808,INE435G01025,
DHANUKA,EQ,664.85,668.3,655,663.35,663,663.95,13242,8793004.7,16-NOV-2017,1577,INE435G01025,
DHANUKA,EQ,670.95,673.95,662,670.15,670,663.35,31996,21424281.25,17-NOV-2017,1314,INE435G01025,
DHANUKA,EQ,676.7,699,670,689.7,683.75,670.15,16478,11240750.75,20-NOV-2017,1360,INE435G01025,
DHANUKA,EQ,690.1,692.5,660.25,667.05,668.9,689.7,34137,23227372.5,21-NOV-2017,2615,INE435G01025,
DHANUKA,EQ,671.05,678.45,659.7,665.95,665,667.05,15610,10424207.95,22-NOV-2017,1402,INE435G01025,
DHANUKA,EQ,665.95,673.75,659.8,666.6,663,665.95,12571,8380749.55,23-NOV-2017,954,INE435G01025,
DHANUKA,EQ,671.05,675.3,651.3,658.8,655,666.6,17785,11865350,24-NOV-2017,975,INE435G01025,
DHANUKA,EQ,666.45,666.45,647.05,651.4,655.5,658.8,75397,49079622.95,27-NOV-2017,1570,INE435G01025,
DHANUKA,EQ,656.55,707.95,648.05,661.65,660.35,651.4,129683,86254657.65,28-NOV-2017,3694,INE435G01025,
DHANUKA,EQ,674.9,688,665,679.3,677,661.65,23603,15949362.3,29-NOV-2017,1671,INE435G01025,
DHANUKA,EQ,687,693.8,666.65,686.9,693.8,679.3,28644,19566127.85,30-NOV-2017,1781,INE435G01025,
DHANUKA,EQ,692.7,710.8,687,692.3,689,686.9,42530,29778925.6,01-DEC-2017,2117,INE435G01025,
DHANUKA,EQ,705,705,682.5,696.35,698,692.3,15294,10620840.35,04-DEC-2017,1440,INE435G01025,
DHANUKA,EQ,704,704,680,690.15,695,696.35,12336,8481880,05-DEC-2017,1248,INE435G01025,
DHANUKA,EQ,694.95,697,685,693,686,690.15,11327,7848417.55,06-DEC-2017,1144,INE435G01025,
DHANUKA,EQ,693.95,696.55,681.15,684.85,685,693,11627,7982990.75,07-DEC-2017,1026,INE435G01025,
DHANUKA,EQ,692,692,681,684.55,684.95,684.85,9127,6245698.05,08-DEC-2017,723,INE435G01025,
DHANUKA,EQ,695,695,673.55,680.75,676.05,684.55,14966,10217865.85,11-DEC-2017,1122,INE435G01025,
DHANUKA,EQ,675.5,689,675.5,684.8,689,680.75,14441,9868249.7,12-DEC-2017,1757,INE435G01025,
DHANUKA,EQ,689.45,691.75,682,689.65,687,684.8,10179,6994645.1,13-DEC-2017,1227,INE435G01025,
DHANUKA,EQ,689.75,690.7,681.1,687.6,687,689.65,6364,4368318.8,14-DEC-2017,607,INE435G01025,
DHANUKA,EQ,696.9,701,690.1,697.75,698,687.6,16306,11358061.15,15-DEC-2017,1821,INE435G01025,
DHANUKA,EQ,701.9,704.9,685.9,703.7,704,697.75,16539,11578567.75,18-DEC-2017,1221,INE435G01025,
DHANUKA,EQ,703.95,719,703.7,707.3,705.5,703.7,24276,17278441.25,19-DEC-2017,1482,INE435G01025,
DHANUKA,EQ,710,745,710,727.55,727.9,707.3,41969,30540345.8,20-DEC-2017,2757,INE435G01025,
DHANUKA,EQ,744.9,744.9,725.1,729.4,727,727.55,16794,12277270.65,21-DEC-2017,1558,INE435G01025,
DHANUKA,EQ,731.05,731.05,717,721.9,720,729.4,16950,12278559.25,22-DEC-2017,1685,INE435G01025,
DHANUKA,EQ,729,729,719.9,723.65,724,721.9,17224,12461444.2,26-DEC-2017,750,INE435G01025,
DHANUKA,EQ,729,732.9,723,727.2,725,723.65,11399,8284940.15,27-DEC-2017,851,INE435G01025,
DHANUKA,EQ,729,734.75,721.65,729.85,723,727.2,11089,8075000.65,28-DEC-2017,1007,INE435G01025,
DHANUKA,EQ,737,737,729.1,733.2,737,729.85,8710,6386518.4,29-DEC-2017,1002,INE435G01025,
DHANUKA,EQ,735,758,726.6,745.2,746.95,733.2,25186,18739835.4,01-JAN-2018,1633,INE435G01025,
DHANUKA,EQ,745.2,755,732.1,747.3,745,745.2,15539,11570230.5,02-JAN-2018,885,INE435G01025,
DHANUKA,EQ,748,770,745,764.1,763,747.3,36935,28076749,03-JAN-2018,1454,INE435G01025,
DHANUKA,EQ,775,797.85,766,773.75,769,764.1,49416,38678725.8,04-JAN-2018,2963,INE435G01025,
DHANUKA,EQ,780,798.95,766.1,791.9,788.7,773.75,61438,48318163,05-JAN-2018,1899,INE435G01025,
DHANUKA,EQ,803.5,803.5,788.55,795.85,790,791.9,23907,19038978.9,08-JAN-2018,1420,INE435G01025,
DHANUKA,EQ,791.55,796.95,767.1,786.05,787,795.85,22654,17788205.35,09-JAN-2018,1811,INE435G01025,
DHANUKA,EQ,789,790,772.35,779.55,776,786.05,12290,9571906.25,10-JAN-2018,864,INE435G01025,
DHANUKA,EQ,781,795.05,775.55,779.55,779.9,779.55,16536,12932945.5,11-JAN-2018,1033,INE435G01025,
DHANUKA,EQ,790.5,799.8,770,774.1,775,779.55,38782,30263901.3,12-JAN-2018,1529,INE435G01025,
DHANUKA,EQ,774.1,794,770.15,787.75,780,774.1,24951,19605339.8,15-JAN-2018,1649,INE435G01025,
DHANUKA,EQ,795,795,774.05,778.45,782.6,787.75,18321,14324377.4,16-JAN-2018,2230,INE435G01025,
DHANUKA,EQ,776.55,783.75,761,774.85,774.9,778.45,16673,12922012.35,17-JAN-2018,854,INE435G01025,
DHANUKA,EQ,778,783,770,774.5,772,774.85,16719,12954632.5,18-JAN-2018,1014,INE435G01025,
DHANUKA,EQ,779.85,790,761.45,782.1,788,774.5,23123,17956446.1,19-JAN-2018,1534,INE435G01025,
DHANUKA,EQ,789.95,794.9,772,793.45,794,782.1,15320,12085868.15,22-JAN-2018,970,INE435G01025,
DHANUKA,EQ,800,800,789.9,791.5,789.95,793.45,13571,10802506.7,23-JAN-2018,966,INE435G01025,
DHANUKA,EQ,800,800,781,789.95,789.5,791.5,11898,9395280.45,24-JAN-2018,1310,INE435G01025,
DHANUKA,EQ,783,797.2,783,786.15,783.8,789.95,14758,11623484.55,25-JAN-2018,1305,INE435G01025,
DHANUKA,EQ,798.6,798.6,783,786.65,789.65,786.15,12103,9560547.85,29-JAN-2018,1071,INE435G01025,
DHANUKA,EQ,787.65,787.65,766,769.8,770,786.65,15064,11623114.65,30-JAN-2018,815,INE435G01025,
DHANUKA,EQ,770,783.75,746.05,756.95,749,769.8,49191,37529818.15,31-JAN-2018,5123,INE435G01025,
DHANUKA,EQ,761,774.5,720.05,725.55,721,756.95,68433,51207155.45,01-FEB-2018,3297,INE435G01025,
DHANUKA,EQ,730,730,660,699.2,698.65,725.55,36785,25653520.25,02-FEB-2018,4390,INE435G01025,
DHANUKA,EQ,693,712.15,663,694.4,698.9,699.2,22595,15547126.05,05-FEB-2018,3818,INE435G01025,
DHANUKA,EQ,652,681.55,650.5,655.7,657,694.4,31131,20617717.6,06-FEB-2018,2687,INE435G01025,
DHANUKA,EQ,676.9,677.75,661.25,669.6,665.15,655.7,15170,10167425.45,07-FEB-2018,2492,INE435G01025,
DHANUKA,EQ,663.3,695.95,663.3,692.05,694,669.6,12530,8595873.35,08-FEB-2018,1116,INE435G01025,
DHANUKA,EQ,680,697,669.95,685.5,684,692.05,14634,10035473.9,09-FEB-2018,1068,INE435G01025,
DHANUKA,EQ,699,699.95,687.1,696.2,691,685.5,11515,8014787.4,12-FEB-2018,699,INE435G01025,
DHANUKA,EQ,702,706.5,661.4,675.25,673.5,696.2,34499,23855059.5,14-FEB-2018,1953,INE435G01025,
DHANUKA,EQ,680.65,685.35,660.2,664.15,665.5,675.25,13827,9225005.6,15-FEB-2018,965,INE435G01025,
DHANUKA,EQ,666,678.55,662.1,662.95,662.55,664.15,8921,5957094.7,16-FEB-2018,933,INE435G01025,
DHANUKA,EQ,672.85,690,654.3,670.25,689,662.95,7951,5270982.15,19-FEB-2018,791,INE435G01025,
DHANUKA,EQ,672.1,683.95,643.15,649.7,646.25,670.25,17573,11578568.85,20-FEB-2018,1102,INE435G01025,
DHANUKA,EQ,655,656.5,639,641.5,642.9,649.7,10898,7027554.75,21-FEB-2018,944,INE435G01025,
DHANUKA,EQ,643.05,644.85,623,627.3,631,641.5,17309,10932660.2,22-FEB-2018,1449,INE435G01025,
DHANUKA,EQ,636,642,631,640.6,642,627.3,10850,6889269.1,23-FEB-2018,922,INE435G01025,
DHANUKA,EQ,653,653,633.1,643.8,643,640.6,6584,4216768.65,26-FEB-2018,614,INE435G01025,
DHANUKA,EQ,653.45,653.45,630.4,640.55,632.6,643.8,21449,13680493.5,27-FEB-2018,1344,INE435G01025,
DHANUKA,EQ,637.5,637.55,613,619.35,615,640.55,22989,14389079.25,28-FEB-2018,2032,INE435G01025,
DHANUKA,EQ,624.9,629.65,616,621.75,617,619.35,14838,9229403.25,01-MAR-2018,1479,INE435G01025,
DHANUKA,EQ,621.75,625,613,620.2,621,621.75,10217,6315158.25,05-MAR-2018,1188,INE435G01025,
DHANUKA,EQ,624,626,608.6,613.6,608.6,620.2,20054,12378277.9,06-MAR-2018,728,INE435G01025,
DHANUKA,EQ,613,613,575,584.4,600,613.6,37310,22104864.25,07-MAR-2018,2053,INE435G01025,
DHANUKA,EQ,593.15,605,576,600.5,604.95,584.4,14976,8864256.55,08-MAR-2018,2551,INE435G01025,
DHANUKA,EQ,601.15,605.95,580,583,584.9,600.5,21298,12523471.8,09-MAR-2018,1534,INE435G01025,
DHANUKA,EQ,583.55,594.95,580.3,582.6,581.5,583,11760,6900137,12-MAR-2018,3204,INE435G01025,
DHANUKA,EQ,589.95,597.75,583.05,588.65,583.5,582.6,13433,7926632,13-MAR-2018,4582,INE435G01025,
DHANUKA,EQ,597.45,597.45,576.65,579.85,578.05,588.65,6839,3975501.85,14-MAR-2018,535,INE435G01025,
DHANUKA,EQ,588.4,592,579,589.9,589.7,579.85,37993,22228768,15-MAR-2018,3506,INE435G01025,
DHANUKA,EQ,588,596.95,583.9,586.65,585.25,589.9,30237,17728340.5,16-MAR-2018,557,INE435G01025,
DHANUKA,EQ,595,595,565,571.25,569,586.65,13258,7689630.3,19-MAR-2018,828,INE435G01025,
DHANUKA,EQ,575,588.8,564.05,579.95,585,571.25,19310,11190849.5,20-MAR-2018,2065,INE435G01025,
DHANUKA,EQ,588.25,588.25,566.2,568.2,568,579.95,8769,5048782.85,21-MAR-2018,1191,INE435G01025,
DHANUKA,EQ,570,580,570,570.65,570.5,568.2,10547,6057235,22-MAR-2018,2353,INE435G01025,
DHANUKA,EQ,570,570,545,549.2,546,570.65,25933,14346824.1,23-MAR-2018,1987,INE435G01025,
DHANUKA,EQ,545,558,542,545.95,553,549.2,24874,13609699.85,26-MAR-2018,2092,INE435G01025,
DHANUKA,EQ,558,558,542.05,545.25,543.25,545.95,15405,8461425.15,27-MAR-2018,3314,INE435G01025,
DHANUKA,EQ,545.1,568.3,536,550.8,563.2,545.25,21650,11802852.6,28-MAR-2018,1327,INE435G01025,
DHANUKA,EQ,550,579.8,550,574.1,575,550.8,9255,5238162.05,02-APR-2018,1279,INE435G01025,
DHANUKA,EQ,582,604.8,567.3,588.75,589,574.1,9479,5528557.7,03-APR-2018,648,INE435G01025,
DHANUKA,EQ,599,610,582.5,587.2,587.95,588.75,32774,19393521.4,04-APR-2018,2009,INE435G01025,
DHANUKA,EQ,599.95,604,584.1,587.3,586.05,587.2,12530,7442506.95,05-APR-2018,854,INE435G01025,
DHANUKA,EQ,594.3,606.9,577.7,592.5,590,587.3,25473,15122024.75,06-APR-2018,1881,INE435G01025,
DHANUKA,EQ,591,601,591,599.1,600,592.5,13241,7922992.6,09-APR-2018,1265,INE435G01025,
DHANUKA,EQ,604,606,587.25,595,587.6,599.1,8657,5175512.1,10-APR-2018,832,INE435G01025,
DHANUKA,EQ,596.05,634.95,587.05,604.9,596,595,72236,44193654.9,11-APR-2018,7319,INE435G01025,
DHANUKA,EQ,599.75,633,596,603.05,605.15,604.9,48458,29878807,12-APR-2018,3061,INE435G01025,
DHANUKA,EQ,611.7,622.9,582.2,593.95,588,603.05,36951,22403371.95,13-APR-2018,1810,INE435G01025,
DHANUKA,EQ,594.8,610.4,591.9,603.55,604,593.95,16598,9976229.05,16-APR-2018,1653,INE435G01025,
DHANUKA,EQ,610,612.05,600,602,601,603.55,22775,13791777.15,17-APR-2018,1407,INE435G01025,
DHANUKA,EQ,597,607,596.6,600.55,602.85,602,6711,4049665.75,18-APR-2018,747,INE435G01025,
DHANUKA,EQ,607,607,587.1,593.85,597.3,600.55,18037,10703108.25,19-APR-2018,1539,INE435G01025,
DHANUKA,EQ,600,600,588.5,591.35,594,593.85,8413,4983133.7,20-APR-2018,1131,INE435G01025,
DHANUKA,EQ,586.3,602,586.3,597.5,598.25,591.35,9201,5501250.05,23-APR-2018,890,INE435G01025,
DHANUKA,EQ,599.7,606,591.9,594.35,594,597.5,9739,5792563.45,24-APR-2018,1270,INE435G01025,
DHANUKA,EQ,597,603.5,588.2,599.05,603,594.35,12413,7373984.45,25-APR-2018,1694,INE435G01025,
DHANUKA,EQ,601.25,601.25,592.4,595.75,594,599.05,8778,5242797.2,26-APR-2018,1191,INE435G01025,
DHANUKA,EQ,598,599.8,591.55,593.4,597.4,595.75,5704,3390718.1,27-APR-2018,409,INE435G01025,
DHANUKA,EQ,594.6,600,591,592.05,591,593.4,8245,4903959.2,30-APR-2018,783,INE435G01025,
DHANUKA,EQ,596.9,601.25,580.3,595.05,595,592.05,15236,9019328.25,02-MAY-2018,1532,INE435G01025,
DHANUKA,EQ,595.35,597,584,585.05,585,595.05,6606,3890678,03-MAY-2018,499,INE435G01025,
DHANUKA,EQ,585.85,597.3,581,594.85,594,585.05,8657,5117374.25,04-MAY-2018,997,INE435G01025,
DHANUKA,EQ,598.3,598.3,590,594.65,591,594.85,7165,4264449.65,07-MAY-2018,633,INE435G01025,
DHANUKA,EQ,597.35,599,581.6,596.85,598.9,594.65,7248,4293573.2,08-MAY-2018,768,INE435G01025,
DHANUKA,EQ,598.9,599.9,588.75,595.35,592,596.85,9462,5633059.6,09-MAY-2018,994,INE435G01025,
DHANUKA,EQ,594.5,597,579.65,595,595,595.35,7113,4203990.1,10-MAY-2018,469,INE435G01025,
DHANUKA,EQ,590.1,595.8,581.5,593.2,595,595,7441,4394083.3,11-MAY-2018,679,INE435G01025,
DHANUKA,EQ,590.05,594.05,575.05,577.75,575.05,593.2,6956,4050960.1,14-MAY-2018,795,INE435G01025,
DHANUKA,EQ,577.75,594,557,581.55,575.05,577.75,10385,6011646,15-MAY-2018,881,INE435G01025,
DHANUKA,EQ,579.3,589,569,582.2,588,581.55,7436,4300077.5,16-MAY-2018,959,INE435G01025,
DHANUKA,EQ,584.2,589.35,575.05,578.6,579.05,582.2,6106,3544130.25,17-MAY-2018,779,INE435G01025,
DHANUKA,EQ,577.85,583,565.25,569.9,578,578.6,9962,5728777.05,18-MAY-2018,918,INE435G01025,
DHANUKA,EQ,580,580,556.1,563.65,565,569.9,13361,7535496.25,21-MAY-2018,1267,INE435G01025,
DHANUKA,EQ,563.55,575,555.05,570.3,575,563.65,13428,7605337.15,22-MAY-2018,1023,INE435G01025,
DHANUKA,EQ,580,590,563.05,584,580.2,570.3,20875,12086140.85,23-MAY-2018,1524,INE435G01025,
DHANUKA,EQ,594,594,570,579.3,578.25,584,15846,9183684.75,24-MAY-2018,1331,INE435G01025,
DHANUKA,EQ,581.2,590,571.2,587.4,586.55,579.3,12213,7133823.85,25-MAY-2018,755,INE435G01025,
DHANUKA,EQ,587.4,595.95,580.15,588.5,590,587.4,11212,6584211.3,28-MAY-2018,971,INE435G01025,
DHANUKA,EQ,595,595,581.1,585.05,585.5,588.5,12877,7544146.25,29-MAY-2018,491,INE435G01025,
DHANUKA,EQ,589.95,592.85,572,575.3,575,585.05,11494,6663770,30-MAY-2018,972,INE435G01025,
DHANUKA,EQ,577,579.95,565.05,573.65,574.95,575.3,10840,6219579.9,31-MAY-2018,697,INE435G01025,
DHANUKA,EQ,580,580,560.05,566.05,566,573.65,6242,3534829.85,01-JUN-2018,637,INE435G01025,
DHANUKA,EQ,560.45,568.95,555.05,556.95,557,566.05,9758,5451267.9,04-JUN-2018,765,INE435G01025,
DHANUKA,EQ,555,555.75,527.4,532.25,535,556.95,16979,9136731.05,05-JUN-2018,1081,INE435G01025,
DHANUKA,EQ,532,554.95,531.95,545.1,545.05,532.25,29660,16240460.8,06-JUN-2018,6327,INE435G01025,
DHANUKA,EQ,549.95,557.65,543.9,549.75,549.3,545.1,14369,7906207,07-JUN-2018,1043,INE435G01025,
DHANUKA,EQ,545.6,567.15,545.6,560.95,566.9,549.75,11143,6235124.3,08-JUN-2018,553,INE435G01025,
DHANUKA,EQ,570,582.95,560,569.05,569.3,560.95,11800,6761836.95,11-JUN-2018,1125,INE435G01025,
DHANUKA,EQ,570,575.35,562.15,568.7,567,569.05,6038,3442377.75,12-JUN-2018,578,INE435G01025,
DHANUKA,EQ,568.7,573.25,565,572.05,572.65,568.7,14542,8284380.4,13-JUN-2018,680,INE435G01025,
DHANUKA,EQ,573.1,589.95,570,579.95,576,572.05,7921,4576861.2,14-JUN-2018,734,INE435G01025,
DHANUKA,EQ,582.6,615,571.25,601.1,598.5,579.95,25961,15667840.1,15-JUN-2018,1646,INE435G01025,
DHANUKA,EQ,606.95,609.05,580,585.15,586,601.1,9585,5676976.4,18-JUN-2018,1118,INE435G01025,
DHANUKA,EQ,586,594.9,582.05,587.15,589.75,585.15,7799,4591900.65,19-JUN-2018,2959,INE435G01025,
DHANUKA,EQ,591.05,594.2,579.75,580.55,581,587.15,6493,3809782,20-JUN-2018,1071,INE435G01025,
DHANUKA,EQ,581.05,586,570,574.6,586,580.55,10866,6291004.4,21-JUN-2018,940,INE435G01025,
DHANUKA,EQ,575.6,583.95,572,578.9,579,574.6,9175,5314865.3,22-JUN-2018,1301,INE435G01025,
DHANUKA,EQ,580.05,586.5,568,570.3,572,578.9,4802,2751338.55,25-JUN-2018,624,INE435G01025,
DHANUKA,EQ,571.45,572.85,560,562.8,561.4,570.3,7191,4058215.45,26-JUN-2018,743,INE435G01025,
DHANUKA,EQ,563.6,580,555.25,575.25,575,562.8,21338,12199536.85,27-JUN-2018,1230,INE435G01025,
DHANUKA,EQ,576.2,576.2,561.35,567.95,564.1,575.25,7361,4179210.3,28-JUN-2018,689,INE435G01025,
DHANUKA,EQ,569.6,572.5,552,555.8,553.1,567.95,18043,10155673,29-JUN-2018,2452,INE435G01025,
DHANUKA,EQ,555.45,563.9,552,555.4,560,555.8,13032,7256259,02-JUL-2018,6308,INE435G01025,
DHANUKA,EQ,550.1,561.1,548.65,559.25,559,555.4,9560,5314872.45,03-JUL-2018,403,INE435G01025,
DHANUKA,EQ,558.5,566,542.1,546.65,545.1,559.25,12970,7147534.35,04-JUL-2018,2243,INE435G01025,
DHANUKA,EQ,541.6,552.95,541.6,549.8,550,546.65,5100,2801453.95,05-JUL-2018,788,INE435G01025,
DHANUKA,EQ,549.05,554.4,544.75,547.25,547,549.8,5655,3108971.85,06-JUL-2018,650,INE435G01025,
DHANUKA,EQ,555,557,545.05,552.75,554,547.25,6976,3847023.95,09-JUL-2018,1379,INE435G01025,
DHANUKA,EQ,555.7,560,546.95,555.5,552.05,552.75,7933,4406913.2,10-JUL-2018,611,INE435G01025,
DHANUKA,EQ,554.9,562,532,536.3,533.55,555.5,14314,7780554.75,11-JUL-2018,918,INE435G01025,
DHANUKA,EQ,530.1,554.95,529.5,543.95,541,536.3,16446,8950185.4,12-JUL-2018,2498,INE435G01025,
DHANUKA,EQ,541.75,545.95,536,539.15,537.9,543.95,9802,5294512.75,13-JUL-2018,721,INE435G01025,
DHANUKA,EQ,539,539.05,508,515.75,516.8,539.15,12789,6672065.4,16-JUL-2018,1566,INE435G01025,
DHANUKA,EQ,510.95,522.95,510.95,520.15,520,515.75,11629,6005736.4,17-JUL-2018,837,INE435G01025,
DHANUKA,EQ,517.05,528.9,513,522.5,526,520.15,8819,4584455.9,18-JUL-2018,874,INE435G01025,
DHANUKA,EQ,520.45,525.7,512,515.45,513,522.5,6971,3611291.25,19-JUL-2018,997,INE435G01025,
DHANUKA,EQ,516.55,534.8,511,515.3,517.75,515.45,10996,5715310.5,20-JUL-2018,1918,INE435G01025,
DHANUKA,EQ,513.05,538.05,513.05,519.6,516,515.3,20878,10998515.25,23-JUL-2018,1320,INE435G01025,
DHANUKA,EQ,524,531.9,516.1,527.85,528.4,519.6,9597,5069976.2,24-JUL-2018,567,INE435G01025,
DHANUKA,EQ,523,530.3,523,525.75,524.6,527.85,259015,135793642.8,25-JUL-2018,1826,INE435G01025,
DHANUKA,EQ,529.9,554.05,529.75,533.45,534.4,525.75,24341,13191596.85,26-JUL-2018,1876,INE435G01025,
DHANUKA,EQ,538.7,558,531.6,550.6,555,533.45,16720,9118285.9,27-JUL-2018,917,INE435G01025,
DHANUKA,EQ,546.05,563.8,541,548.2,560,550.6,8569,4701164.15,30-JUL-2018,1100,INE435G01025,
DHANUKA,EQ,557,559.15,550.2,554.7,553,548.2,6837,3795859.15,31-JUL-2018,772,INE435G01025,
DHANUKA,EQ,558.2,559.95,555,556.45,555,554.7,5131,2855175.1,01-AUG-2018,823,INE435G01025,
DHANUKA,EQ,555.85,558,533.4,540.05,545,556.45,11525,6334932.1,02-AUG-2018,1326,INE435G01025,
DHANUKA,EQ,541.05,565,541.05,561.1,561.7,540.05,7478,4158379.3,03-AUG-2018,701,INE435G01025,
DHANUKA,EQ,555,610,555,605,608.75,561.1,33188,19616067.2,06-AUG-2018,1881,INE435G01025,
DHANUKA,EQ,612.95,615.1,591.1,611.5,615.1,605,18983,11456012.35,07-AUG-2018,1897,INE435G01025,
DHANUKA,EQ,607.5,620,598.9,612.8,613.8,611.5,7875,4795950.45,08-AUG-2018,852,INE435G01025,
DHANUKA,EQ,613.9,613.9,582.5,589.4,592,612.8,15446,9221053.3,09-AUG-2018,1849,INE435G01025,
DHANUKA,EQ,589,602.65,550,554.55,554.4,589.4,22216,12740451.85,10-AUG-2018,2113,INE435G01025,
DHANUKA,EQ,554,567.6,533.55,562.45,560,554.55,10556,5829053.3,13-AUG-2018,1473,INE435G01025,
DHANUKA,EQ,560.05,561.35,540,544.95,545,562.45,17190,9410085.75,14-AUG-2018,1727,INE435G01025,
DHANUKA,EQ,549,551.75,543.3,546.95,545,544.95,5404,2963716.35,16-AUG-2018,539,INE435G01025,
DHANUKA,EQ,549.75,550.85,537,541,543.05,546.95,6738,3668419.55,17-AUG-2018,1067,INE435G01025,
DHANUKA,EQ,547.1,558.7,543.75,552.65,555.25,541,12367,6840559.65,20-AUG-2018,734,INE435G01025,
DHANUKA,EQ,550.05,568.4,545.3,557.45,552.5,552.65,7157,4011927.65,21-AUG-2018,899,INE435G01025,
DHANUKA,EQ,555,560.55,544.2,555.5,556.95,557.45,7781,4308947.15,23-AUG-2018,728,INE435G01025,
DHANUKA,EQ,552.05,564.95,546.8,561.05,560,555.5,6044,3352050.9,24-AUG-2018,597,INE435G01025,
DHANUKA,EQ,565,567.7,545,548.9,549.15,561.05,8493,4693816.35,27-AUG-2018,1005,INE435G01025,
DHANUKA,EQ,550.9,554.95,534.05,539.7,539.75,548.9,16089,8729842.45,28-AUG-2018,955,INE435G01025,
DHANUKA,EQ,544,548,527.55,540.85,540,539.7,24395,13104059.45,29-AUG-2018,1119,INE435G01025,
DHANUKA,EQ,540.05,554.45,534.5,545.65,546,540.85,19364,10518322.8,30-AUG-2018,862,INE435G01025,
DHANUKA,EQ,546.1,555,545.3,551.45,552,545.65,4415,2432078.25,31-AUG-2018,439,INE435G01025,
DHANUKA,EQ,555,555,540,543.5,545,551.45,10001,5439707.45,03-SEP-2018,731,INE435G01025,
DHANUKA,EQ,545.05,547.05,537.75,544.15,542,543.5,15836,8594289.4,04-SEP-2018,496,INE435G01025,
DHANUKA,EQ,540,552.7,540,544.75,545,544.15,15541,8495664.6,05-SEP-2018,1372,INE435G01025,
DHANUKA,EQ,543,554.1,543,550.4,550,544.75,11396,6264613.4,06-SEP-2018,1448,INE435G01025,
DHANUKA,EQ,553.2,555.05,541.05,548.2,549.6,550.4,4602,2518681.15,07-SEP-2018,426,INE435G01025,
DHANUKA,EQ,545.7,550.45,536.1,539.85,540.3,548.2,11258,6080504.85,10-SEP-2018,1249,INE435G01025,
DHANUKA,EQ,540.4,550.15,537,541.75,540,539.85,29048,15738143.8,11-SEP-2018,688,INE435G01025,
DHANUKA,EQ,540.05,544.8,536,540.05,540,541.75,6696,3616758.75,12-SEP-2018,473,INE435G01025,
DHANUKA,EQ,540.05,545.9,538.05,544,545,540.05,5224,2830005.9,14-SEP-2018,990,INE435G01025,
DHANUKA,EQ,544,544,528,530.7,530,544,12857,6872264.4,17-SEP-2018,1024,INE435G01025,
DHANUKA,EQ,531.5,535.95,518.5,530.7,532.6,530.7,17200,9099088.1,18-SEP-2018,857,INE435G01025,
DHANUKA,EQ,525.05,533.3,518,530.35,530,530.7,10667,5632883.25,19-SEP-2018,1175,INE435G01025,
DHANUKA,EQ,531.65,531.65,459.95,470.85,477.4,530.35,81789,39890745.5,21-SEP-2018,4341,INE435G01025,
DHANUKA,EQ,478,490.5,441.6,446.55,445.6,470.85,26938,12443741.6,24-SEP-2018,1940,INE435G01025,
DHANUKA,EQ,455.45,463.5,430.1,450.35,452.6,446.55,20724,9264017.2,25-SEP-2018,4316,INE435G01025,
DHANUKA,EQ,452,458.75,427,433.35,429.3,450.35,18011,7953040.35,26-SEP-2018,1729,INE435G01025,
DHANUKA,EQ,426.85,438,405,418.4,420,433.35,22076,9337122.5,27-SEP-2018,2272,INE435G01025,
DHANUKA,EQ,423.9,430,390,406.15,405,418.4,24344,10047457.4,28-SEP-2018,4181,INE435G01025,
DHANUKA,EQ,399.9,399.9,377.05,393.35,395,406.15,28223,10968723.1,01-OCT-2018,1534,INE435G01025,
DHANUKA,EQ,400,418.95,390.05,416.2,417.95,393.35,15292,6256104.05,03-OCT-2018,1437,INE435G01025,
DHANUKA,EQ,410,416.65,389.9,404.9,410,416.2,21409,8552278.7,04-OCT-2018,1267,INE435G01025,
DHANUKA,EQ,404.9,412,401,407.25,405.2,404.9,7158,2916630.2,05-OCT-2018,478,INE435G01025,
DHANUKA,EQ,402.4,410,400,402.85,400,407.25,4648,1881842,08-OCT-2018,517,INE435G01025,
DHANUKA,EQ,401.3,404.4,390.2,391.05,390.25,402.85,7589,3007444.95,09-OCT-2018,599,INE435G01025,
DHANUKA,EQ,397,416.75,388.55,410.7,415,391.05,45278,18408331.3,10-OCT-2018,2284,INE435G01025,
DHANUKA,EQ,394,421,393.6,415.2,415,410.7,11444,4697981.5,11-OCT-2018,475,INE435G01025,
DHANUKA,EQ,413.95,426.75,401.1,409.9,410,415.2,23579,9792274.95,12-OCT-2018,998,INE435G01025,
DHANUKA,EQ,409.85,418.05,395.6,408.75,411,409.9,15487,6348843.25,15-OCT-2018,1276,INE435G01025,
DHANUKA,EQ,413.95,415.9,404.1,406.45,407.75,408.75,16068,6554691.3,16-OCT-2018,541,INE435G01025,
DHANUKA,EQ,409.65,414.95,402.25,404.75,405,406.45,9293,3797140.55,17-OCT-2018,608,INE435G01025,
DHANUKA,EQ,407,408,399.1,405,405,404.75,27631,11179436.9,19-OCT-2018,1125,INE435G01025,
DHANUKA,EQ,404.75,407.1,373.25,385.1,386.35,405,22508,8763844.05,22-OCT-2018,1814,INE435G01025,
DHANUKA,EQ,385,387.95,374.6,379.9,378,385.1,10049,3814694,23-OCT-2018,1068,INE435G01025,
DHANUKA,EQ,387,395,375.25,378.85,376.15,379.9,17392,6657377.3,24-OCT-2018,3335,INE435G01025,
DHANUKA,EQ,374,378,371.25,371.8,371.3,378.85,7214,2696717.35,25-OCT-2018,516,INE435G01025,
DHANUKA,EQ,371.25,385.95,358.2,371,370,371.8,43531,16551377.4,26-OCT-2018,6936,INE435G01025,
DHANUKA,EQ,371.8,375,360,366.45,369.45,371,6131,2257532.55,29-OCT-2018,580,INE435G01025,
DHANUKA,EQ,369.45,382.65,365.6,367.75,366.8,366.45,5382,2002507.6,30-OCT-2018,436,INE435G01025,
DHANUKA,EQ,366.9,367,356.55,359.6,359.25,367.75,18765,6755981.2,31-OCT-2018,1292,INE435G01025,
DHANUKA,EQ,360.2,374,360.2,363,362.8,359.6,17320,6330617.75,01-NOV-2018,2768,INE435G01025,
DHANUKA,EQ,369.95,395.7,367.5,384.35,385,363,83520,31793681.75,02-NOV-2018,4131,INE435G01025,
DHANUKA,EQ,391.95,397.95,387.05,391.2,394,384.35,16602,6511146.4,05-NOV-2018,627,INE435G01025,
DHANUKA,EQ,392.5,399.9,392.5,396.05,396,391.2,4960,1967290,06-NOV-2018,259,INE435G01025,
DHANUKA,EQ,410,410,399.05,401.05,403.5,400.75,6293,2533901.25,09-NOV-2018,450,INE435G01025,
DHANUKA,EQ,404.9,409.75,401.85,405.3,407,401.05,7468,3033315.1,12-NOV-2018,399,INE435G01025,
DHANUKA,EQ,403.55,419.4,402.5,416.7,416.05,405.3,15142,6272885.65,13-NOV-2018,806,INE435G01025,
DHANUKA,EQ,420,434.05,401.05,409.8,412,416.7,46114,19213052.85,14-NOV-2018,1911,INE435G01025,
DHANUKA,EQ,432,443.95,415.1,420.45,419,409.8,95022,40716734.4,15-NOV-2018,3250,INE435G01025,
DHANUKA,EQ,422,445,422,440.15,445,420.45,83560,36185477.75,16-NOV-2018,1867,INE435G01025,
DHANUKA,EQ,444.9,455.15,444.9,451,448.5,440.15,21377,9623191.85,19-NOV-2018,1113,INE435G01025,
DHANUKA,EQ,454.9,457.75,440,440.6,440.05,451,22759,10265163,20-NOV-2018,1071,INE435G01025,
DHANUKA,EQ,440.1,446.1,429.1,443.45,443,440.6,38140,16685789.75,21-NOV-2018,1546,INE435G01025,
DHANUKA,EQ,437.35,449.35,437.3,446.5,446,443.45,36359,16209782.1,22-NOV-2018,1057,INE435G01025,
DHANUKA,EQ,449.3,449.85,437,438.15,437,446.5,8329,3676453.85,26-NOV-2018,736,INE435G01025,
DHANUKA,EQ,446,446,435,436.65,435.5,438.15,7021,3075250.5,27-NOV-2018,513,INE435G01025,
DHANUKA,EQ,435.05,440.75,426.5,429.85,426.5,436.65,13378,5778991.5,28-NOV-2018,823,INE435G01025,
DHANUKA,EQ,430.8,433.9,422.2,424.85,425,429.85,8777,3739689.9,29-NOV-2018,591,INE435G01025,
DHANUKA,EQ,425.6,428.85,412.1,423.95,420.05,424.85,65270,27552875.75,30-NOV-2018,5487,INE435G01025,
DHANUKA,EQ,427.05,437,424,433.35,432.5,423.95,17187,7401284.75,03-DEC-2018,1354,INE435G01025,
DHANUKA,EQ,436.95,441.6,434.45,437.1,436,433.35,8783,3845419,04-DEC-2018,738,INE435G01025,
DHANUKA,EQ,436.45,437.15,425.1,429.3,432.75,437.1,5092,2186178.45,05-DEC-2018,704,INE435G01025,
DHANUKA,EQ,429.6,448.9,421.65,438.05,437,429.3,44706,19565864.6,06-DEC-2018,1817,INE435G01025,
DHANUKA,EQ,441,441,427,429.95,431.95,438.05,9368,4038974.55,07-DEC-2018,879,INE435G01025,
DHANUKA,EQ,428.65,428.65,423,425.35,424.8,429.95,9469,4025927.55,10-DEC-2018,942,INE435G01025,
DHANUKA,EQ,421.1,428,421.1,426.15,426,425.35,3734,1589669.55,11-DEC-2018,360,INE435G01025,
DHANUKA,EQ,426.1,433.15,426.1,427.8,429.05,426.15,8783,3768779.95,12-DEC-2018,896,INE435G01025,
DHANUKA,EQ,427.85,434.9,424,431.9,432.8,427.8,15914,6823849.35,13-DEC-2018,1459,INE435G01025,
DHANUKA,EQ,440.45,447.55,437.5,444.8,444.9,431.9,44438,19671888.25,14-DEC-2018,3706,INE435G01025,
DHANUKA,EQ,445.2,451.5,440.6,449,446,444.8,21362,9551603.45,17-DEC-2018,1250,INE435G01025,
DHANUKA,EQ,446.65,449.55,441.7,445,445,449,9797,4369735.85,18-DEC-2018,685,INE435G01025,
DHANUKA,EQ,446.15,449.85,442.55,447.1,448,445,38072,17004118.2,19-DEC-2018,1325,INE435G01025,
DHANUKA,EQ,454.9,455,445.05,451.5,450,447.1,22075,9959701.85,20-DEC-2018,1515,INE435G01025,
DHANUKA,EQ,465.1,484,457.45,459.8,458,451.5,256742,120126707.95,21-DEC-2018,14631,INE435G01025,
DHANUKA,EQ,464.9,470,461.15,465.8,467.1,459.8,41247,19247640.6,24-DEC-2018,1726,INE435G01025,
DHANUKA,EQ,469,470.1,460.05,468.7,469.9,465.8,23509,10949575.3,26-DEC-2018,1997,INE435G01025,
DHANUKA,EQ,476,476,461.1,462.5,464,468.7,30274,14113524.6,27-DEC-2018,1962,INE435G01025,
DHANUKA,EQ,464.3,468,460.15,462.2,464,462.5,48985,22745380,28-DEC-2018,2235,INE435G01025,
DHANUKA,EQ,464.85,467,460.5,464.75,465.9,462.2,36898,17153218.15,31-DEC-2018,1585,INE435G01025,
DHANUKA,EQ,455.15,459.9,444,445.1,445,464.75,52200,23416639.75,01-JAN-2019,3798,INE435G01025,
DHANUKA,EQ,446.95,446.95,436.25,442.15,441.55,445.1,14883,6568054.3,02-JAN-2019,1459,INE435G01025,
DHANUKA,EQ,442,443,430.8,433.3,434.75,442.15,13050,5682903.25,03-JAN-2019,894,INE435G01025,
DHANUKA,EQ,434.95,434.95,422.3,428.6,426.3,433.3,26247,11223050.15,04-JAN-2019,1783,INE435G01025,
DHANUKA,EQ,430,430,414.5,418,417.5,428.6,19894,8358709.7,07-JAN-2019,1638,INE435G01025,
DHANUKA,EQ,420,421.05,408,410.7,411.5,418,15442,6356153,08-JAN-2019,1623,INE435G01025,
DHANUKA,EQ,411.55,421,401.1,416.45,417,410.7,24744,10164691.2,09-JAN-2019,1989,INE435G01025,
DHANUKA,EQ,414.35,425.9,414.25,423.85,423,416.45,10500,4442270.65,10-JAN-2019,933,INE435G01025,
DHANUKA,EQ,424.7,433.55,424.7,431.35,430.5,423.85,8772,3783220.6,11-JAN-2019,1233,INE435G01025,
DHANUKA,EQ,434.75,434.75,423.5,424.8,423.5,431.35,5832,2491743.85,14-JAN-2019,978,INE435G01025,
DHANUKA,EQ,423.2,427,421.1,423.8,423,424.8,3052,1295359,15-JAN-2019,410,INE435G01025,
DHANUKA,EQ,422.25,426,420,422.65,424.8,423.8,5683,2403843.55,16-JAN-2019,627,INE435G01025,
DHANUKA,EQ,422.65,424.45,416,417.2,416.05,422.65,4579,1922719.85,17-JAN-2019,587,INE435G01025,
DHANUKA,EQ,418.85,418.9,413.9,415.1,415,417.2,5344,2217337.55,18-JAN-2019,364,INE435G01025,
DHANUKA,EQ,416.15,419.95,411.1,415.45,414.85,415.1,9138,3799876.6,21-JAN-2019,691,INE435G01025,
DHANUKA,EQ,412,413.85,408.25,408.95,410.25,415.45,10302,4218187.6,22-JAN-2019,493,INE435G01025,
DHANUKA,EQ,409.95,413.15,407.95,410.35,410.1,408.95,8547,3499586.7,23-JAN-2019,1044,INE435G01025,
DHANUKA,EQ,411.35,412.45,394.8,403.55,409,410.35,10571,4254082.55,24-JAN-2019,1263,INE435G01025,
DHANUKA,EQ,407.15,419.5,407.15,415.05,415,403.55,10332,4271733.4,25-JAN-2019,738,INE435G01025,
DHANUKA,EQ,415.15,415.2,396,405.9,405,415.05,6852,2772778.05,28-JAN-2019,550,INE435G01025,
DHANUKA,EQ,405.3,411.9,399.85,406.2,406,405.9,6740,2735347.3,29-JAN-2019,501,INE435G01025,
DHANUKA,EQ,404.9,419.4,403.2,417.75,417.15,406.2,9426,3920645.8,30-JAN-2019,727,INE435G01025,
DHANUKA,EQ,418.95,422.75,413.6,420.95,422.75,417.75,9231,3861915.35,31-JAN-2019,641,INE435G01025,
DHANUKA,EQ,423,442.45,423,437.95,440,420.95,29800,12982879.1,01-FEB-2019,1421,INE435G01025,
DHANUKA,EQ,443,443,423.55,434,434,437.95,11904,5159140.25,04-FEB-2019,1063,INE435G01025,
DHANUKA,EQ,431.05,431.5,410.1,414.8,417.05,434,23536,9787874.75,05-FEB-2019,1464,INE435G01025,
DHANUKA,EQ,420.8,420.8,407.85,409.2,407.85,414.8,6777,2782317.1,06-FEB-2019,505,INE435G01025,
DHANUKA,EQ,414.95,414.95,405.2,406.65,408,409.2,5042,2062206.9,07-FEB-2019,443,INE435G01025,
DHANUKA,EQ,405.4,410,386,397.65,400,406.65,10684,4227801.3,08-FEB-2019,1037,INE435G01025,
DHANUKA,EQ,398.8,400,392,394.65,395,397.65,2935,1160152.15,11-FEB-2019,413,INE435G01025,
DHANUKA,EQ,393.45,400,372,377.4,374,394.65,55646,21197352.95,12-FEB-2019,3233,INE435G01025,
DHANUKA,EQ,373.05,379.85,367.6,376,376,377.4,23437,8758346.65,13-FEB-2019,1839,INE435G01025,
DHANUKA,EQ,377,428.85,373,401.4,401.5,376,45355,18175460.9,14-FEB-2019,3588,INE435G01025,
DHANUKA,EQ,409,409,392,397.9,398,401.4,15373,6115540.25,15-FEB-2019,1147,INE435G01025,
DHANUKA,EQ,395,403.5,385,387.1,385,397.9,10458,4072858.6,18-FEB-2019,828,INE435G01025,
DHANUKA,EQ,382.4,391.95,380.3,381.65,380.65,387.1,4467,1724232.15,19-FEB-2019,510,INE435G01025,
DHANUKA,EQ,384.9,392.4,381.65,390.15,392.4,381.65,16522,6440926.65,20-FEB-2019,825,INE435G01025,
DHANUKA,EQ,391.9,399,391.8,398.55,399,390.15,8361,3312309.55,21-FEB-2019,829,INE435G01025,
DHANUKA,EQ,399.7,411.4,397,409.8,408.25,398.55,7291,2961247.45,22-FEB-2019,636,INE435G01025,
DHANUKA,EQ,414.5,414.5,406.75,410.95,412,409.8,6411,2632857.55,25-FEB-2019,510,INE435G01025,
DHANUKA,EQ,410,410,393.1,399.9,399,410.95,7094,2828678.15,26-FEB-2019,504,INE435G01025,
DHANUKA,EQ,399.9,413,399.05,403.65,403,399.9,7805,3153530.45,27-FEB-2019,538,INE435G01025,
DHANUKA,EQ,405.85,409.9,400.5,403.6,403,403.65,4824,1953233.15,28-FEB-2019,409,INE435G01025,
DHANUKA,EQ,407.6,422,400.1,416,415,403.6,12968,5401822.5,01-MAR-2019,927,INE435G01025,
DHANUKA,EQ,411.15,424.25,409.8,417.35,416,416,14309,5961774.85,05-MAR-2019,852,INE435G01025,
DHANUKA,EQ,417,444,413.25,438.65,434.05,417.35,33145,14340230,06-MAR-2019,2174,INE435G01025,
DHANUKA,EQ,441.9,449.8,432.1,438.75,438,438.65,22676,10034923.05,07-MAR-2019,1041,INE435G01025,
DHANUKA,EQ,442.95,444.2,435.1,440,441.5,438.75,8977,3957394.3,08-MAR-2019,583,INE435G01025,
DHANUKA,EQ,433.6,448,433.6,444.2,441.2,440,11091,4913911.1,11-MAR-2019,601,INE435G01025,
DHANUKA,EQ,445,445,436.5,438.75,439,444.2,15683,6905724.6,12-MAR-2019,907,INE435G01025,
DHANUKA,EQ,438.95,439,418.1,426.8,430,438.75,13910,5953813.3,13-MAR-2019,1369,INE435G01025,
DHANUKA,EQ,428.8,435,424,433.3,434.7,426.8,15079,6493941,14-MAR-2019,675,INE435G01025,
DHANUKA,EQ,434,442,425.3,435.45,432,433.3,19259,8299433,15-MAR-2019,693,INE435G01025,
DHANUKA,EQ,432,432,426.05,428.7,430,435.45,4164,1783229.85,18-MAR-2019,807,INE435G01025,
DHANUKA,EQ,429.9,430,425,427.7,430,428.7,4149,1768085.35,19-MAR-2019,465,INE435G01025,
DHANUKA,EQ,425.35,427.95,419,420.55,423.5,427.7,7789,3282287.55,20-MAR-2019,846,INE435G01025,
DHANUKA,EQ,420,424.7,416.5,419.15,417.75,420.55,4305,1810415.05,22-MAR-2019,413,INE435G01025,
DHANUKA,EQ,424,424,410.15,415.8,414.5,419.15,10671,4469522.45,25-MAR-2019,723,INE435G01025,
DHANUKA,EQ,411,417.9,406.25,410.95,411,415.8,12392,5088935.75,26-MAR-2019,925,INE435G01025,
DHANUKA,EQ,410.75,414.95,398,404.1,411.45,410.95,12531,5093723.3,27-MAR-2019,1074,INE435G01025,
DHANUKA,EQ,400.15,405.85,391.25,393.8,393.05,404.1,23392,9274681.15,28-MAR-2019,1501,INE435G01025,
DHANUKA,EQ,393,408,387.25,389.9,396,393.8,26677,10532188.2,29-MAR-2019,3359,INE435G01025,
DHANUKA,EQ,397.7,406,396.9,399.85,398,389.9,16643,6687948.75,01-APR-2019,3666,INE435G01025,
DHANUKA,EQ,401.9,401.95,395.15,398.05,398.05,399.85,7830,3116481.25,02-APR-2019,445,INE435G01025,
DHANUKA,EQ,401.2,403.95,393.5,399.7,393.5,398.05,9290,3709333.9,03-APR-2019,835,INE435G01025,
DHANUKA,EQ,393.7,399.9,384,385.1,386,399.7,31012,12097224.8,04-APR-2019,1308,INE435G01025,
DHANUKA,EQ,392.75,395.9,384.05,387.2,387.5,385.1,22348,8668420.5,05-APR-2019,3025,INE435G01025,
DHANUKA,EQ,394.9,398,388,394,394.55,387.2,9764,3837637.4,08-APR-2019,788,INE435G01025,
DHANUKA,EQ,396.4,397.4,390,392.65,390.6,394,7325,2882917.3,09-APR-2019,939,INE435G01025,
DHANUKA,EQ,392.5,395.4,387,389.75,389,392.65,6039,2363771.8,10-APR-2019,756,INE435G01025,
DHANUKA,EQ,387,392.95,387,388.65,389.5,389.75,3537,1378837.1,11-APR-2019,483,INE435G01025,
DHANUKA,EQ,390.9,395.6,389,394,393,388.65,5272,2073699.5,12-APR-2019,593,INE435G01025,
DHANUKA,EQ,398.8,399.1,395.05,397.05,398,394,6001,2385146.8,15-APR-2019,641,INE435G01025,
DHANUKA,EQ,398.85,402,397.75,398.95,400,397.05,4363,1742567.3,16-APR-2019,655,INE435G01025,
DHANUKA,EQ,401.95,401.95,390,399.6,400.05,398.95,11071,4401229.5,18-APR-2019,809,INE435G01025,
DHANUKA,EQ,396,397,382.35,384.9,385,399.6,13063,5054133.2,22-APR-2019,612,INE435G01025,
DHANUKA,EQ,392.6,392.6,380.6,381.95,381.05,384.9,6844,2624257.75,23-APR-2019,370,INE435G01025,
DHANUKA,EQ,389.6,389.8,382,384.8,383.75,381.95,11196,4308030.15,24-APR-2019,4964,INE435G01025,
DHANUKA,EQ,383.05,386.85,378.05,379.1,380.2,384.8,9296,3539853.25,25-APR-2019,1440,INE435G01025,
DHANUKA,EQ,377.05,383.4,374.95,376.8,376.5,379.1,11993,4532572.7,26-APR-2019,610,INE435G01025,
DHANUKA,EQ,379,379,373,373.9,373,376.8,4931,1846169.4,30-APR-2019,885,INE435G01025,
DHANUKA,EQ,376,379.5,372.05,376.7,378.9,373.9,54086,20372005.95,02-MAY-2019,489,INE435G01025,
DHANUKA,EQ,377.4,381.9,375,375.5,375,376.7,71373,26806009.35,03-MAY-2019,505,INE435G01025,
DHANUKA,EQ,379.9,395.45,370,391.3,386,375.5,8089,3087895.8,06-MAY-2019,798,INE435G01025,
DHANUKA,EQ,394.9,396,378,383.2,382,391.3,10670,4160851,07-MAY-2019,897,INE435G01025,
DHANUKA,EQ,382.05,382.05,371,374.35,375,383.2,5344,2010324.6,08-MAY-2019,534,INE435G01025,
DHANUKA,EQ,370.05,378.8,356.65,362.75,361.1,374.35,9203,3353316.55,09-MAY-2019,858,INE435G01025,
DHANUKA,EQ,360,376.75,360,371.95,367.05,362.75,9613,3550556.55,10-MAY-2019,894,INE435G01025,
DHANUKA,EQ,366.4,371.95,358.25,362.5,360,371.95,6312,2308046.6,13-MAY-2019,779,INE435G01025,
DHANUKA,EQ,359.85,370.4,356.1,361,360,362.5,7506,2714474.9,14-MAY-2019,1004,INE435G01025,
DHANUKA,EQ,361.55,366.85,358.25,360.95,360,361,6696,2424715.75,15-MAY-2019,582,INE435G01025,
DHANUKA,EQ,361,367,358.05,362.45,362.65,360.95,4584,1655686.4,16-MAY-2019,547,INE435G01025,
DHANUKA,EQ,360.05,365.35,357.55,363.3,362.9,362.45,4050,1466885.3,17-MAY-2019,556,INE435G01025,
DHANUKA,EQ,368.05,428.7,366.6,372.9,367.3,363.3,11636,4402915,20-MAY-2019,1248,INE435G01025,
DHANUKA,EQ,379.75,379.75,364.4,368.15,366.15,372.9,30174,11165320.4,21-MAY-2019,1595,INE435G01025,
DHANUKA,EQ,374,375.5,351.25,358.8,359,368.15,49985,18153347.9,22-MAY-2019,2197,INE435G01025,
DHANUKA,EQ,368.4,374.95,355,359.3,357.9,358.8,33699,12255262.65,23-MAY-2019,1452,INE435G01025,
DHANUKA,EQ,365,368,360,364.15,363.1,359.3,19441,7094484.1,24-MAY-2019,922,INE435G01025,
DHANUKA,EQ,368,374,364,370.75,369.75,364.15,25697,9468956.25,27-MAY-2019,1452,INE435G01025,
DHANUKA,EQ,374.55,390,374,379.45,378.1,370.75,32492,12387986.15,28-MAY-2019,1168,INE435G01025,
DHANUKA,EQ,381.85,385.65,373.35,375.5,375.95,379.45,9892,3747305.4,29-MAY-2019,796,INE435G01025,
DHANUKA,EQ,375.5,385,371.05,377.15,376.6,375.5,6393,2411928.55,30-MAY-2019,449,INE435G01025,
DHANUKA,EQ,379.5,380.95,370.2,376.6,372.2,377.15,7565,2835380.3,31-MAY-2019,698,INE435G01025,
DHANUKA,EQ,381.9,382,375,379.7,380,376.6,5958,2251891.05,03-JUN-2019,598,INE435G01025,
DHANUKA,EQ,381,389.1,381,388.25,388.15,379.7,28363,10938297,04-JUN-2019,1049,INE435G01025,
DHANUKA,EQ,390,393.05,381.2,384.65,383.65,388.25,12164,4694141.15,06-JUN-2019,1117,INE435G01025,
DHANUKA,EQ,387.5,387.5,378.15,384,384.8,384.65,9202,3530948.25,07-JUN-2019,743,INE435G01025,
DHANUKA,EQ,388.5,390.5,381.25,388.85,390,384,31874,12369961.3,10-JUN-2019,2670,INE435G01025,
DHANUKA,EQ,388.85,392,383.85,390.05,390,388.85,16269,6329396.15,11-JUN-2019,755,INE435G01025,
DHANUKA,EQ,385.05,388.35,380.05,383.5,381.5,390.05,7107,2730229.35,12-JUN-2019,789,INE435G01025,
DHANUKA,EQ,380,389.85,375.1,376.5,376.1,383.5,5258,1985336.25,13-JUN-2019,743,INE435G01025,
DHANUKA,EQ,372.8,386.45,372.5,382.3,380,376.5,13958,5305896,14-JUN-2019,1333,INE435G01025,
DHANUKA,EQ,385,385.95,375.6,380.2,381.95,382.3,15433,5890104.6,17-JUN-2019,710,INE435G01025,
DHANUKA,EQ,385,385.05,375.5,380.15,380.05,380.2,18252,6959794.5,18-JUN-2019,879,INE435G01025,
DHANUKA,EQ,382.8,395.4,382.8,387.45,389,380.15,44849,17499598.95,19-JUN-2019,3596,INE435G01025,
DHANUKA,EQ,387.45,399,383,392.6,392,387.45,13602,5300256.4,20-JUN-2019,2560,INE435G01025,
DHANUKA,EQ,392.6,392.65,384,385.25,385.5,392.6,7250,2811085.35,21-JUN-2019,995,INE435G01025,
DHANUKA,EQ,382,389,382,386.65,388,385.25,4713,1818470.45,24-JUN-2019,877,INE435G01025,
DHANUKA,EQ,384.65,389.95,381.25,382.35,381.5,386.65,16598,6378841.4,25-JUN-2019,482,INE435G01025,
DHANUKA,EQ,380,419.5,380,410.15,412,382.35,381642,152888150.3,26-JUN-2019,4411,INE435G01025,
DHANUKA,EQ,418.15,440,413.95,436.3,439,410.15,105930,45474769.2,27-JUN-2019,5618,INE435G01025,
DHANUKA,EQ,441,444,423,430.05,435,436.3,48357,20725776.7,28-JUN-2019,2737,INE435G01025,
DHANUKA,EQ,439,439,422,424.1,422.15,430.05,14123,6016876.6,01-JUL-2019,1098,INE435G01025,
DHANUKA,EQ,424.1,427,415.3,417.05,418,424.1,7668,3204916.45,02-JUL-2019,604,INE435G01025,
DHANUKA,EQ,416,433.5,416,430.35,429,417.05,13642,5789191.35,03-JUL-2019,783,INE435G01025,
DHANUKA,EQ,435,439,431,435.25,432,430.35,24247,10568583.9,04-JUL-2019,1495,INE435G01025,
DHANUKA,EQ,438,438,411.15,416.5,416.65,435.25,19608,8288218.45,05-JUL-2019,1847,INE435G01025,
DHANUKA,EQ,411.25,416.1,404.9,411.1,410.1,416.5,11952,4893662.05,08-JUL-2019,835,INE435G01025,
DHANUKA,EQ,406,418,406,409.65,407.85,411.1,6940,2856588.05,09-JUL-2019,1119,INE435G01025,
DHANUKA,EQ,408.2,415,404.35,405.9,409.9,409.65,5106,2085047.9,10-JUL-2019,670,INE435G01025,
DHANUKA,EQ,409.9,413,403,404.15,403.25,405.9,4960,2017630.15,11-JUL-2019,663,INE435G01025,
DHANUKA,EQ,403,411.8,396,397.7,396.65,404.15,18651,7521726.25,12-JUL-2019,1253,INE435G01025,
DHANUKA,EQ,396.65,405.2,396.1,397.15,396.2,397.7,6973,2784895.35,15-JUL-2019,1628,INE435G01025,
DHANUKA,EQ,397.1,400.55,385.3,387.85,389,397.15,16215,6333298,16-JUL-2019,1015,INE435G01025,
DHANUKA,EQ,387,403.95,384,391.85,393.75,387.85,17244,6779745.15,17-JUL-2019,1283,INE435G01025,
DHANUKA,EQ,392,409.75,392,395.9,397,391.85,18311,7325821.2,18-JUL-2019,1381,INE435G01025,
DHANUKA,EQ,397,408.75,382,387.95,394,395.9,47817,18738988.65,19-JUL-2019,2804,INE435G01025,
DHANUKA,EQ,378,386.4,333.95,379.8,386.4,387.95,32767,12379675.3,22-JUL-2019,1328,INE435G01025,
DHANUKA,EQ,380,389.15,377,379.1,379.2,379.8,8215,3135883.1,23-JUL-2019,986,INE435G01025,
DHANUKA,EQ,375.1,404.75,372,398.5,404,379.1,60187,23453375.15,24-JUL-2019,1894,INE435G01025,
DHANUKA,EQ,404,410.85,382.55,388.1,384,398.5,62840,25461131.6,25-JUL-2019,4217,INE435G01025,
DHANUKA,EQ,385,385,376.2,380.15,381,388.1,11562,4400930.5,26-JUL-2019,727,INE435G01025,
DHANUKA,EQ,378,382.95,361.1,364.4,368,380.15,8402,3123520.2,29-JUL-2019,1092,INE435G01025,
DHANUKA,EQ,362.25,368.95,356.25,357.9,357,364.4,12526,4519239.65,30-JUL-2019,861,INE435G01025,
DHANUKA,EQ,355,364.8,349.65,362.35,364,357.9,8951,3203724.55,31-JUL-2019,848,INE435G01025,
DHANUKA,EQ,358.35,364,345,351.4,354.8,362.35,29320,10349549.25,01-AUG-2019,1345,INE435G01025,
DHANUKA,EQ,351,354.35,346.55,347.95,346.55,351.4,6299,2204596.25,02-AUG-2019,574,INE435G01025,
DHANUKA,EQ,350,350,338,339.15,338,347.95,8927,3037296.65,05-AUG-2019,1246,INE435G01025,
DHANUKA,EQ,335,349,335,340.35,340,339.15,24939,8513622.4,06-AUG-2019,1102,INE435G01025,
DHANUKA,EQ,341.6,343.95,336.8,337.3,336.95,340.35,4079,1390872.1,07-AUG-2019,655,INE435G01025,
DHANUKA,EQ,335.45,344.2,325,329.6,327.6,337.3,13376,4439602.05,08-AUG-2019,1902,INE435G01025,
DHANUKA,EQ,331.6,338.5,327.25,331.1,332.4,329.6,27878,9226788.1,09-AUG-2019,882,INE435G01025,
DHANUKA,EQ,330.05,334.75,325,327.05,327,331.1,7288,2393006.4,13-AUG-2019,466,INE435G01025,
DHANUKA,EQ,325.25,327.55,315.5,316.75,315.9,327.05,7065,2260462.45,14-AUG-2019,781,INE435G01025,
DHANUKA,EQ,323.9,330.75,315,325.35,322.85,316.75,5631,1804673.15,16-AUG-2019,750,INE435G01025,
DHANUKA,EQ,330,345,323.05,336.6,337.45,325.35,11089,3767953.95,19-AUG-2019,1087,INE435G01025,
DHANUKA,EQ,337,340,325,328.25,325,336.6,8302,2755338.9,20-AUG-2019,755,INE435G01025,
DHANUKA,EQ,326,329.95,315,319.75,323.95,328.25,5456,1754060.6,21-AUG-2019,908,INE435G01025,
DHANUKA,EQ,319.65,328.4,308.8,325.15,328.4,319.75,34482,10750643.45,22-AUG-2019,955,INE435G01025,
DHANUKA,EQ,323.05,325.75,311,317.4,317.5,325.15,5345,1696315.25,23-AUG-2019,1119,INE435G01025,
DHANUKA,EQ,325,325,310.1,316.3,314,317.4,7609,2417319.65,26-AUG-2019,1004,INE435G01025,
DHANUKA,EQ,318.7,325,310.95,312.85,312,316.3,12328,3911249.95,27-AUG-2019,929,INE435G01025,
DHANUKA,EQ,314.65,323,311.45,315.65,314,312.85,18281,5816630.15,28-AUG-2019,5530,INE435G01025,
DHANUKA,EQ,318.95,319.45,312.25,313,312.5,315.65,6098,1921134.1,29-AUG-2019,595,INE435G01025,
DHANUKA,EQ,313.15,321.9,313,318,317.15,313,6107,1937369.65,30-AUG-2019,516,INE435G01025,
DHANUKA,EQ,315.9,317.9,309.45,311.1,311.05,318,7375,2305258,03-SEP-2019,525,INE435G01025,
DHANUKA,EQ,310.95,317.8,305.35,310.9,309.1,311.1,18106,5608754.05,04-SEP-2019,3515,INE435G01025,
DHANUKA,EQ,314.85,318,312.75,317.1,318,310.9,12103,3828674.75,05-SEP-2019,1654,INE435G01025,
DHANUKA,EQ,318.1,320,305.2,317.8,318,317.1,5424,1720026.75,06-SEP-2019,676,INE435G01025,
DHANUKA,EQ,318.05,320,309.8,314.6,313,317.8,18789,5947549.25,09-SEP-2019,1020,INE435G01025,
DHANUKA,EQ,317,338.9,315.45,332.75,334.4,314.6,14455,4780359.5,11-SEP-2019,1506,INE435G01025,
DHANUKA,EQ,335,342.45,334.15,336.15,335.35,332.75,8110,2740351.3,12-SEP-2019,703,INE435G01025,
DHANUKA,EQ,339.95,342.45,334.5,339.1,340,336.15,6822,2308804.35,13-SEP-2019,624,INE435G01025,
DHANUKA,EQ,339.1,339.1,331,331.2,334.45,339.1,10473,3499196.6,16-SEP-2019,670,INE435G01025,
DHANUKA,EQ,333.1,340,321,326.8,326,331.2,15099,5018247.2,17-SEP-2019,763,INE435G01025,
DHANUKA,EQ,321,331,321,327,326.4,326.8,18204,5977323.45,18-SEP-2019,1408,INE435G01025,
DHANUKA,EQ,327.2,327.2,317.1,319.75,319,327,6059,1937282.8,19-SEP-2019,767,INE435G01025,
DHANUKA,EQ,316.65,332.8,316.45,328.2,327.5,319.75,10378,3390572,20-SEP-2019,677,INE435G01025,
DHANUKA,EQ,330,353.95,323.1,329.85,329,328.2,25720,8786432.25,23-SEP-2019,1462,INE435G01025,
DHANUKA,EQ,331,343.75,327,331.55,328.6,329.85,20612,6930874.4,24-SEP-2019,890,INE435G01025,
DHANUKA,EQ,335,335,318,320.35,322,331.55,14351,4642753.5,25-SEP-2019,1041,INE435G01025,
DHANUKA,EQ,325,327.3,319.15,321.9,322,320.35,51139,16498829.4,26-SEP-2019,1814,INE435G01025,
DHANUKA,EQ,324.9,328.9,320,323.2,325.1,321.9,32145,10462441.9,27-SEP-2019,1533,INE435G01025,
DHANUKA,EQ,323,327.95,317.55,319.2,322,323.2,12352,3963249.95,30-SEP-2019,926,INE435G01025,
DHANUKA,EQ,321.05,325.65,311,316.15,319.4,319.2,20729,6593340.05,01-OCT-2019,1075,INE435G01025,
DHANUKA,EQ,314,316.3,307.2,310.6,310,316.15,25510,7940270.95,03-OCT-2019,1044,INE435G01025,
DHANUKA,EQ,317.95,319.85,306.3,315,315,310.6,16495,5170108.05,04-OCT-2019,3499,INE435G01025,
DHANUKA,EQ,310,311.65,299,309.05,308,315,15827,4845010.8,07-OCT-2019,1005,INE435G01025,
DHANUKA,EQ,307.75,314,301,311.2,310.8,309.05,8274,2534683.7,09-OCT-2019,989,INE435G01025,
DHANUKA,EQ,310.05,315,302,305.5,305.5,311.2,6718,2058715,10-OCT-2019,972,INE435G01025,
DHANUKA,EQ,302.6,313.55,298.1,303.2,299,305.5,9337,2854324.2,11-OCT-2019,1297,INE435G01025,
DHANUKA,EQ,302.95,307.95,301,302.1,301,303.2,6856,2088789.7,14-OCT-2019,660,INE435G01025,
DHANUKA,EQ,304.95,306.95,298.05,300.15,299.65,302.1,10087,3040223.8,15-OCT-2019,683,INE435G01025,
DHANUKA,EQ,298.05,302.1,295,295.45,295,300.15,19603,5871306.1,16-OCT-2019,836,INE435G01025,
DHANUKA,EQ,296.25,301.15,291.5,294.75,293.7,295.45,11590,3435884.65,17-OCT-2019,1227,INE435G01025,
DHANUKA,EQ,295.1,304,287.5,291,293.9,294.75,37643,11136655.75,18-OCT-2019,4473,INE435G01025,
DHANUKA,EQ,293.9,298,287.1,291.3,290,291,44458,13037933.5,22-OCT-2019,4334,INE435G01025,
DHANUKA,EQ,289.35,296,288.25,291.5,292,291.3,15759,4618884.95,23-OCT-2019,863,INE435G01025,
DHANUKA,EQ,290.25,295.5,289.25,291.65,294.8,291.5,14000,4101926.1,24-OCT-2019,861,INE435G01025,
DHANUKA,EQ,292.05,295,288.75,294.45,295,291.65,8222,2391967.1,25-OCT-2019,690,INE435G01025,
DHANUKA,EQ,295,295.7,287.7,294.35,295.7,291.3,10619,3097899.85,29-OCT-2019,554,INE435G01025,
DHANUKA,EQ,295,295.9,289.3,292.6,292.5,294.35,17910,5243949.1,30-OCT-2019,627,INE435G01025,
DHANUKA,EQ,292.8,305.75,290.5,301.7,304.9,292.6,26154,7768015.65,31-OCT-2019,1055,INE435G01025,
DHANUKA,EQ,303,314.5,297.05,299.1,299.8,301.7,24781,7554664.15,01-NOV-2019,1229,INE435G01025,
DHANUKA,EQ,301.1,305,295.95,301.85,305,299.1,28070,8415393.75,04-NOV-2019,1100,INE435G01025,
DHANUKA,EQ,302.85,310,298.1,307.55,308,301.85,15398,4710896.35,05-NOV-2019,1256,INE435G01025,
DHANUKA,EQ,308.05,313.9,305,307.9,308,307.55,9564,2944935.6,06-NOV-2019,933,INE435G01025,
DHANUKA,EQ,308,312.2,300.3,301.7,301.55,307.9,9083,2783904.4,07-NOV-2019,494,INE435G01025,
DHANUKA,EQ,303.9,309,292.5,300.95,301,301.7,25420,7665830.6,08-NOV-2019,1660,INE435G01025,
DHANUKA,EQ,301,315.4,301,309.85,310.05,300.95,31957,9818264.75,11-NOV-2019,1697,INE435G01025,
DHANUKA,EQ,309.85,318.5,295.55,298.15,298.5,309.85,36599,11263320.85,13-NOV-2019,2974,INE435G01025,
DHANUKA,EQ,304.95,322.75,294,315.6,317,298.15,92251,28295069.3,14-NOV-2019,4071,INE435G01025,
DHANUKA,EQ,320,332,317.7,327.3,327,315.6,67146,21933117.65,15-NOV-2019,2672,INE435G01025,
DHANUKA,EQ,329.75,334.8,323,328.2,331,327.3,27710,9104745.25,18-NOV-2019,1548,INE435G01025,
DHANUKA,EQ,330.2,331.15,320.05,324.1,323.45,328.2,19995,6508140.85,19-NOV-2019,758,INE435G01025,
DHANUKA,EQ,323.1,324.65,315,315.7,316.2,324.1,18316,5835118.95,20-NOV-2019,1089,INE435G01025,
DHANUKA,EQ,319,319,302.25,304.75,302.25,315.7,24355,7495282.9,21-NOV-2019,1483,INE435G01025,
DHANUKA,EQ,305,307.85,301.3,306.2,306,304.75,13304,4056677.7,22-NOV-2019,746,INE435G01025,
DHANUKA,EQ,307.95,312.5,305,309.6,309.3,306.2,8890,2743427.3,25-NOV-2019,787,INE435G01025,
DHANUKA,EQ,306.95,312.45,298,298.85,298.05,309.6,23712,7186293.1,26-NOV-2019,1523,INE435G01025,
DHANUKA,EQ,301.65,303.25,295.15,297.6,299,298.85,16177,4827433.45,27-NOV-2019,1045,INE435G01025,
DHANUKA,EQ,297.95,305.3,293,299.9,300,297.6,38819,11613532.35,28-NOV-2019,1244,INE435G01025,
DHANUKA,EQ,300.25,305.45,295.3,297.4,296,299.9,27627,8283106.3,29-NOV-2019,1529,INE435G01025,
DHANUKA,EQ,299.35,299.35,290.5,292.05,292,297.4,24412,7151862.1,02-DEC-2019,1551,INE435G01025,
DHANUKA,EQ,293.2,297,290,290.7,291,292.05,15716,4584242.3,03-DEC-2019,733,INE435G01025,
DHANUKA,EQ,291,295,288.1,292.9,291.2,290.7,16364,4773294.5,04-DEC-2019,1044,INE435G01025,
DHANUKA,EQ,293.5,310.55,292.5,307.15,308.9,292.9,151073,45525384,05-DEC-2019,3267,INE435G01025,
DHANUKA,EQ,313,327.75,309.75,314.6,312,307.15,56404,17967403.4,06-DEC-2019,3090,INE435G01025,
DHANUKA,EQ,317,327.6,311.65,325.15,325.45,314.6,31709,10248064.45,09-DEC-2019,1288,INE435G01025,
DHANUKA,EQ,325,330,317,318.25,317,325.15,26389,8544517.3,10-DEC-2019,1568,INE435G01025,
DHANUKA,EQ,322,332.75,316,328.35,325.3,318.25,45179,14737924.75,11-DEC-2019,2109,INE435G01025,
DHANUKA,EQ,331.95,338.9,325.85,335.25,333.75,328.35,30248,10081757.65,12-DEC-2019,1673,INE435G01025,
DHANUKA,EQ,330.45,339.95,322.05,330.45,331.7,335.25,23738,7889339.65,13-DEC-2019,1531,INE435G01025,
DHANUKA,EQ,331.25,344.5,330.45,340.65,341,330.45,25123,8514342.55,16-DEC-2019,1402,INE435G01025,
DHANUKA,EQ,345.9,351.4,340.1,345.95,350.55,340.65,36726,12698266.9,17-DEC-2019,2249,INE435G01025,
DHANUKA,EQ,350,384.45,345.7,363.75,366.5,345.95,101049,36841218.15,18-DEC-2019,4003,INE435G01025,
DHANUKA,EQ,360,374.35,356,367.55,365.5,363.75,38516,14163439.7,19-DEC-2019,2316,INE435G01025,
DHANUKA,EQ,369,376,367,370.55,370.5,367.55,17404,6449710,20-DEC-2019,1350,INE435G01025,
DHANUKA,EQ,373.5,379.95,367.2,377.15,378,370.55,27300,10236439.25,23-DEC-2019,1645,INE435G01025,
DHANUKA,EQ,380.9,394.55,379.45,387.4,388,377.15,48454,18826490.15,24-DEC-2019,2863,INE435G01025,
DHANUKA,EQ,388.1,407.2,387.05,395.7,398,387.4,59707,23766229.45,26-DEC-2019,3929,INE435G01025,
DHANUKA,EQ,397.95,404,396,402.85,400.8,395.7,18098,7236792.2,27-DEC-2019,2408,INE435G01025,
DHANUKA,EQ,400,418.4,398.5,413.6,418.4,402.85,34811,14291602.5,30-DEC-2019,1790,INE435G01025,
DHANUKA,EQ,417.95,425,396.3,405.55,398.1,413.6,48227,20132491.5,31-DEC-2019,3486,INE435G01025,
DHANUKA,EQ,402.75,423,397,420,420,405.55,27691,11318221.85,01-JAN-2020,2459,INE435G01025,
DHANUKA,EQ,423.3,423.8,411.25,415.15,412.2,420,11535,4827267.25,02-JAN-2020,994,INE435G01025,
DHANUKA,EQ,410.15,423,410.1,416.3,416,415.15,21169,8858808.25,03-JAN-2020,1474,INE435G01025,
DHANUKA,EQ,406,416.95,403,412.2,410,416.3,33555,13724814.25,06-JAN-2020,1902,INE435G01025,
DHANUKA,EQ,412.5,420.95,405,417.55,415.9,412.2,16929,6992737.35,07-JAN-2020,1094,INE435G01025,
DHANUKA,EQ,405.05,417.85,405.05,410.35,410,417.55,15534,6401624.2,08-JAN-2020,1116,INE435G01025,
DHANUKA,EQ,415.95,418.95,410,415.5,413.25,410.35,15064,6245891.25,09-JAN-2020,1080,INE435G01025,
DHANUKA,EQ,415.5,437,407.8,428.3,428,415.5,50896,21738892.65,10-JAN-2020,3117,INE435G01025,
DHANUKA,EQ,428,462,427.95,453.4,452.95,428.3,44206,19723011.4,13-JAN-2020,3119,INE435G01025,
DHANUKA,EQ,458.4,458.45,428.9,448.55,455,453.4,24843,11111481.9,14-JAN-2020,1821,INE435G01025,
DHANUKA,EQ,448.55,457.55,442.25,450.1,446.55,448.55,132309,59551888.3,15-JAN-2020,1153,INE435G01025,
DHANUKA,EQ,453.95,454.8,442,444.2,443.7,450.1,8210,3677035.65,16-JAN-2020,1087,INE435G01025,
DHANUKA,EQ,452.95,484,452.15,479.85,482,444.2,90728,43095443.25,17-JAN-2020,5838,INE435G01025,
DHANUKA,EQ,485,489.45,456,467.3,469,479.85,29019,13728072.6,20-JAN-2020,2119,INE435G01025,
DHANUKA,EQ,470.95,473,444.05,448.05,447,467.3,24620,11332465.85,21-JAN-2020,2585,INE435G01025,
DHANUKA,EQ,448.25,465,445.1,450.95,452.1,448.05,24168,11014800.05,22-JAN-2020,1931,INE435G01025,
DHANUKA,EQ,451.8,463.8,446.15,452.9,450,450.95,13156,5989942.9,23-JAN-2020,1256,INE435G01025,
DHANUKA,EQ,447.25,468.85,447.2,466.85,466,452.9,43264,19903990.2,24-JAN-2020,3363,INE435G01025,
DHANUKA,EQ,470.95,470.95,456.05,461.25,460.05,466.85,20708,9543599.9,27-JAN-2020,1942,INE435G01025,
DHANUKA,EQ,460.05,525,457,515.5,512.2,461.25,329469,166022256.45,28-JAN-2020,15050,INE435G01025,
DHANUKA,EQ,515.4,558,506.15,544.6,543.05,515.5,329256,178910470,29-JAN-2020,13547,INE435G01025,
DHANUKA,EQ,543.8,549.9,517.5,522.9,525,544.6,122804,64560791.65,30-JAN-2020,5107,INE435G01025,
DHANUKA,EQ,527.05,549.65,495,514.65,517,522.9,116335,60900094.7,31-JAN-2020,6784,INE435G01025,
DHANUKA,EQ,501.5,519,491.2,503.25,506,505.45,127223,64208979.45,03-FEB-2020,4773,INE435G01025,
DHANUKA,EQ,509,534,508.95,524.9,521,503.25,40017,20909130.65,04-FEB-2020,4233,INE435G01025,
DHANUKA,EQ,524.85,536.85,514.45,518.2,518,524.9,19116,10078120.9,05-FEB-2020,1513,INE435G01025,
DHANUKA,EQ,518.2,524.85,501.65,514.15,513.8,518.2,20945,10728656.75,06-FEB-2020,1999,INE435G01025,
DHANUKA,EQ,514.15,522.35,496.6,505.05,505,514.15,17942,9108405.6,07-FEB-2020,1507,INE435G01025,
DHANUKA,EQ,505.05,524,500.1,518.15,518.1,505.05,20570,10508172.8,10-FEB-2020,1934,INE435G01025,
DHANUKA,EQ,518.05,532.4,505,526.8,525.25,518.15,53271,27871974.6,11-FEB-2020,3860,INE435G01025,
DHANUKA,EQ,527,535.5,515.2,521.8,519.5,526.8,47944,25192559.8,12-FEB-2020,3689,INE435G01025,
DHANUKA,EQ,522,564.9,515,530.25,530.45,521.8,419883,226483965.25,13-FEB-2020,18889,INE435G01025,
DHANUKA,EQ,535.25,543.4,522,532.35,530.15,530.25,66322,35291703.75,14-FEB-2020,4780,INE435G01025,
DHANUKA,EQ,532.35,532.35,512.6,525.55,525,532.35,42882,22448065.55,17-FEB-2020,3740,INE435G01025,
DHANUKA,EQ,520.05,524.85,505.1,517.35,515.2,525.55,24687,12704634.25,18-FEB-2020,1946,INE435G01025,
DHANUKA,EQ,516.1,527.7,508.35,515.05,515,517.35,22222,11497503.2,19-FEB-2020,2637,INE435G01025,
DHANUKA,EQ,521.5,525,511.6,516.5,515.7,515.05,25655,13325727.75,20-FEB-2020,1676,INE435G01025,
DHANUKA,EQ,519,534.5,500.1,510.55,510,516.5,35011,18214422.85,24-FEB-2020,3109,INE435G01025,
DHANUKA,EQ,509,510.55,490,495.75,495.05,510.55,37003,18460740.2,25-FEB-2020,2733,INE435G01025,
DHANUKA,EQ,490.05,500.4,480.1,485.2,485,495.75,48475,23752941.5,26-FEB-2020,2466,INE435G01025,
DHANUKA,EQ,486,510,401.15,495.95,504.3,485.2,152979,69568344.15,27-FEB-2020,8826,INE435G01025,
DHANUKA,EQ,489.95,489.95,455.6,469.25,480,495.95,31362,14818000.6,28-FEB-2020,2881,INE435G01025,
DHANUKA,EQ,469,480.1,453.05,460.15,458.15,469.25,24757,11456805.9,02-MAR-2020,1648,INE435G01025,
DHANUKA,EQ,470,470,451.3,455.3,455,460.15,18676,8511171.1,03-MAR-2020,1503,INE435G01025,
DHANUKA,EQ,455,474.75,429.25,448.3,447,455.3,22184,10052061.65,04-MAR-2020,3665,INE435G01025,
DHANUKA,EQ,449.95,477,441.25,466.85,475,448.3,25703,11845231.6,05-MAR-2020,1901,INE435G01025,
DHANUKA,EQ,457,459.15,431.45,443.75,440,466.85,22380,9973647.8,06-MAR-2020,1843,INE435G01025,
DHANUKA,EQ,432,439.5,404,420.75,418,443.75,34212,14397796.55,09-MAR-2020,2318,INE435G01025,
DHANUKA,EQ,427.75,427.75,408.05,412.45,408.05,420.75,14344,6001451.85,11-MAR-2020,1429,INE435G01025,
DHANUKA,EQ,375.1,394.95,342,351.6,342,412.45,69783,24868140.45,12-MAR-2020,4825,INE435G01025,
DHANUKA,EQ,333.6,359.75,283,346.15,347,351.6,84532,26940428.35,13-MAR-2020,3969,INE435G01025,
DHANUKA,EQ,318.1,344,312.25,333.35,333,346.15,39931,13042380.4,16-MAR-2020,5921,INE435G01025,
DHANUKA,EQ,323.1,350,320,325.15,325,333.35,28836,9537474.9,17-MAR-2020,2287,INE435G01025,
DHANUKA,EQ,321,334.55,302.25,314.4,321,325.15,25704,8139686.7,18-MAR-2020,1152,INE435G01025,
DHANUKA,EQ,314,348.05,301,319,320,314.4,43409,14028871.45,19-MAR-2020,2228,INE435G01025,
DHANUKA,EQ,321,343.95,311.4,323.05,324,319,32317,10491018.7,20-MAR-2020,3712,INE435G01025,
DHANUKA,EQ,310,314.05,275,298.75,305,323.05,32146,9580387.6,23-MAR-2020,1345,INE435G01025,
DHANUKA,EQ,296.05,325,296.05,301.15,305,298.75,21677,6536602,24-MAR-2020,1428,INE435G01025,
DHANUKA,EQ,300.2,317.75,300,313.8,317.75,301.15,9892,3051303.75,25-MAR-2020,726,INE435G01025,
DHANUKA,EQ,319.9,347.75,312.8,324.3,322.55,313.8,17672,5874129.65,26-MAR-2020,1192,INE435G01025,
DHANUKA,EQ,333.95,354,323.25,324.55,325,324.3,8255,2727848.35,27-MAR-2020,672,INE435G01025,
DHANUKA,EQ,324.95,333.8,319.25,322.25,320,324.55,13883,4489672.15,30-MAR-2020,1198,INE435G01025,
DHANUKA,EQ,322.1,329.8,322,325.2,326.9,322.25,8100,2635832.6,31-MAR-2020,528,INE435G01025,
DHANUKA,EQ,334.85,334.85,322.25,327.85,329.8,325.2,9280,3036530.75,01-APR-2020,1191,INE435G01025,
DHANUKA,EQ,330,336.95,324.5,335.45,335,327.85,12878,4284548,03-APR-2020,796,INE435G01025,
DHANUKA,EQ,340,402.5,335,402.5,402.5,335.45,42515,15549126.1,07-APR-2020,2093,INE435G01025,
DHANUKA,EQ,406,429.9,391,417.45,422.95,402.5,43163,17920112.65,08-APR-2020,2727,INE435G01025,
DHANUKA,EQ,427.9,440,426,436.9,438,417.45,17277,7535872.1,09-APR-2020,1391,INE435G01025,
DHANUKA,EQ,447,471.95,406.85,463.8,460.05,436.9,57265,25193950.35,13-APR-2020,2458,INE435G01025,
DHANUKA,EQ,480,534.05,453,459.8,461.95,463.8,99003,48090637.55,15-APR-2020,4560,INE435G01025,
DHANUKA,EQ,464.05,473,452.25,457.45,458.7,459.8,25041,11489639.1,16-APR-2020,1910,INE435G01025,
DHANUKA,EQ,469,473,445.05,448.2,447,457.45,21234,9630693.75,17-APR-2020,1142,INE435G01025,
DHANUKA,EQ,444,453,432.25,434.8,439.9,448.2,12143,5335671.2,20-APR-2020,873,INE435G01025,
DHANUKA,EQ,432.25,439.85,412.25,419.7,422,434.8,20276,8692619.2,21-APR-2020,1202,INE435G01025,
DHANUKA,EQ,416.1,441.95,416.1,439.8,439,419.7,29151,12696693.1,22-APR-2020,1964,INE435G01025,
DHANUKA,EQ,449,452.05,428.1,438.35,436,439.8,14115,6271649.8,23-APR-2020,772,INE435G01025,
DHANUKA,EQ,430,438,418.15,421.85,421.1,438.35,14521,6155063,24-APR-2020,1061,INE435G01025,
DHANUKA,EQ,436,437.75,412.25,416.1,412.5,421.85,34813,14839982.95,27-APR-2020,2447,INE435G01025,
DHANUKA,EQ,420.1,433.05,418.2,425.85,425.5,416.1,16988,7266296.6,28-APR-2020,1133,INE435G01025,
DHANUKA,EQ,429,449.25,422.35,442.55,438,425.85,31604,13783327.8,29-APR-2020,1427,INE435G01025,
DHANUKA,EQ,445.5,450,434,447.15,446,442.55,31638,14074060.05,30-APR-2020,2171,INE435G01025,
DHANUKA,EQ,445,475,415,455.25,455.05,447.15,40028,17604898.75,04-MAY-2020,2202,INE435G01025,
DHANUKA,EQ,457,465,433.3,438.15,438,455.25,36540,16218155.55,05-MAY-2020,2502,INE435G01025,
DHANUKA,EQ,438.25,449.75,428.05,440.95,439.9,438.15,27192,11884864.55,06-MAY-2020,4522,INE435G01025,
DHANUKA,EQ,438.55,449.5,436.55,446.45,445,440.95,14623,6488217.1,07-MAY-2020,1581,INE435G01025,
DHANUKA,EQ,454.95,462.75,442,444.1,447,446.45,30201,13601749.55,08-MAY-2020,2423,INE435G01025,
DHANUKA,EQ,450,459.75,445.4,449.6,451.8,444.1,30979,14046973.55,11-MAY-2020,1903,INE435G01025,
DHANUKA,EQ,453.8,453.8,438,448.05,449,449.6,18975,8443029.05,12-MAY-2020,1886,INE435G01025,
DHANUKA,EQ,468.8,468.8,434.7,454.15,454,448.05,38276,17299948.6,13-MAY-2020,2181,INE435G01025,
DHANUKA,EQ,452,463.8,437.85,461.05,462.55,454.15,36271,16593948.2,14-MAY-2020,2482,INE435G01025,
DHANUKA,EQ,465,495.9,458.75,486.95,482,461.05,62519,29803457.55,15-MAY-2020,3105,INE435G01025,
DHANUKA,EQ,492,513.05,488.05,492.3,491.1,486.95,69511,34528677.3,18-MAY-2020,3318,INE435G01025,
DHANUKA,EQ,498.7,498.7,461.45,468.25,471.7,492.3,37420,17789849.7,19-MAY-2020,2802,INE435G01025,
DHANUKA,EQ,468.25,477,452.25,465.2,464,468.25,24675,11340044.7,20-MAY-2020,1822,INE435G01025,
DHANUKA,EQ,463.9,502,459.9,485.9,486,465.2,83669,40915986.85,21-MAY-2020,4709,INE435G01025,
DHANUKA,EQ,485.9,495,462.25,478.2,481.9,485.9,30637,14675467.6,22-MAY-2020,2781,INE435G01025,
DHANUKA,EQ,478.2,505,478.2,495.85,497.8,478.2,63796,31668695.8,26-MAY-2020,4448,INE435G01025,
DHANUKA,EQ,495.8,586.65,493,571.45,569.9,495.85,354645,196721458.3,27-MAY-2020,15877,INE435G01025,
DHANUKA,EQ,584,596.95,552.65,571.2,570,571.45,276772,159102671.2,28-MAY-2020,19401,INE435G01025,
DHANUKA,EQ,555.8,582.95,555.8,575.8,575,571.2,78128,44833055.8,29-MAY-2020,6388,INE435G01025,
DHANUKA,EQ,581.05,605,570.4,580.35,580,575.8,118814,69987858.5,01-JUN-2020,7256,INE435G01025,
DHANUKA,EQ,590,590,578.25,580.2,580,580.35,46636,27168111.8,02-JUN-2020,2172,INE435G01025,
DHANUKA,EQ,585,585,569.5,578.5,570.1,580.2,50271,29009529.75,03-JUN-2020,6090,INE435G01025,
DHANUKA,EQ,577.95,579,560.7,576.15,575,578.5,20793,11886594.3,04-JUN-2020,2318,INE435G01025,
DHANUKA,EQ,573,595,573,588.25,589,576.15,58968,34607663.75,05-JUN-2020,2702,INE435G01025,
DHANUKA,EQ,589,594.95,575,578.95,581.9,588.25,39068,22740664.9,08-JUN-2020,2771,INE435G01025,
DHANUKA,EQ,582,620,576.05,593.8,596.05,578.95,126503,75799804.9,09-JUN-2020,5954,INE435G01025,
DHANUKA,EQ,599,653.25,579.45,631.35,635.2,593.8,646686,404856983.05,10-JUN-2020,21646,INE435G01025,
DHANUKA,EQ,648,652,636,641.1,641,631.35,237710,153516162.45,11-JUN-2020,11999,INE435G01025,
DHANUKA,EQ,628,667,609.8,647,644.5,641.1,466682,303335377.55,12-JUN-2020,21243,INE435G01025,
DHANUKA,EQ,652.05,698,640,690.9,685.65,647,364249,246350556.25,15-JUN-2020,19031,INE435G01025,
DHANUKA,EQ,700,748.05,686,739.25,735,690.9,631993,457758934.05,16-JUN-2020,34345,INE435G01025,
DHANUKA,EQ,744.75,793.85,741,771.65,769,739.25,453925,348909483.45,17-JUN-2020,31159,INE435G01025,
DHANUKA,EQ,778.85,799,772,780.15,779,771.65,249905,196233447.6,18-JUN-2020,17685,INE435G01025,
DHANUKA,EQ,785,788,657.65,716.9,725,780.15,630756,453559679.4,19-JUN-2020,34359,INE435G01025,
DHANUKA,EQ,724.8,739.7,706.1,709.3,711,716.9,118227,85259924.7,22-JUN-2020,7704,INE435G01025,
DHANUKA,EQ,717,727.5,710,715.9,719.5,709.3,87454,62925371.65,23-JUN-2020,6377,INE435G01025,
DHANUKA,EQ,722,744.8,695.6,702.95,705.2,715.9,145759,105336755.8,24-JUN-2020,8211,INE435G01025,
DHANUKA,EQ,708,724.35,695,703.9,704,702.95,92163,65454851.2,25-JUN-2020,6038,INE435G01025,
DHANUKA,EQ,712.4,715.4,695,701.95,701,703.9,100547,70896535.3,26-JUN-2020,6705,INE435G01025,
DHANUKA,EQ,709.15,715,690.4,708.6,715,701.95,121426,85176843.55,29-JUN-2020,6247,INE435G01025,
DHANUKA,EQ,714,727.75,702,707.5,704.9,708.6,317364,227089612.15,30-JUN-2020,19928,INE435G01025,
DHANUKA,EQ,709,741.95,706.45,735.6,734.15,707.5,212571,154258865.25,01-JUL-2020,12384,INE435G01025,
DHANUKA,EQ,742,746.8,730.85,737.65,737,735.6,130450,96457084.3,02-JUL-2020,10938,INE435G01025,
DHANUKA,EQ,735,744.7,722.2,733.75,733.4,737.65,129984,95165870.45,03-JUL-2020,7733,INE435G01025,
DHANUKA,EQ,739.65,741.8,721.5,726.95,726,733.75,57160,41665693.05,06-JUL-2020,2209,INE435G01025,
DHANUKA,EQ,733,733,710.1,727.95,724.8,726.95,44102,31831224.5,07-JUL-2020,2988,INE435G01025,
DHANUKA,EQ,730,733.95,716.1,718.7,717.55,727.95,28872,20903180.65,08-JUL-2020,2689,INE435G01025,
DHANUKA,EQ,738,773,730,750.65,750,718.7,212874,160902856.6,09-JUL-2020,8339,INE435G01025,
DHANUKA,EQ,752.9,772,740.6,751.05,758,750.65,82669,62737727.6,10-JUL-2020,3806,INE435G01025,
DHANUKA,EQ,762,770,742.05,745.2,745.7,751.05,60080,45330568.55,13-JUL-2020,3362,INE435G01025,
DHANUKA,EQ,750,765,740,755.6,760,745.2,53889,40576561.45,14-JUL-2020,2702,INE435G01025,
DHANUKA,EQ,759,821.95,759,808.15,810,755.6,263217,209668800.2,15-JUL-2020,10643,INE435G01025,
DHANUKA,EQ,816,831.95,786.15,811.05,815,808.15,122939,99588393.45,16-JUL-2020,7582,INE435G01025,
DHANUKA,EQ,818.85,827,810,813.65,810.25,811.05,65545,53555522.5,17-JUL-2020,6376,INE435G01025,
DHANUKA,EQ,832,935.7,820,825.8,824.85,813.65,597833,512323188.25,20-JUL-2020,28704,INE435G01025,
DHANUKA,EQ,830.5,840,800,820.85,824.95,825.8,144044,118141103.35,21-JUL-2020,7853,INE435G01025,
DHANUKA,EQ,834.9,899,810.05,888.55,894,820.85,899455,783304696.5,22-JUL-2020,31669,INE435G01025,
DHANUKA,EQ,900,918.9,852,865.95,868,888.55,307280,270919498,23-JUL-2020,13796,INE435G01025,
DHANUKA,EQ,864.9,874.9,850,854.7,853.9,865.95,91693,78768988.15,24-JUL-2020,6645,INE435G01025,
DHANUKA,EQ,855,861.35,819,831.4,830.05,854.7,78456,65437064.95,27-JUL-2020,4634,INE435G01025,
DHANUKA,EQ,839.95,849,820,824.75,822.95,831.4,49973,41684306.75,28-JUL-2020,2654,INE435G01025,
DHANUKA,EQ,829.6,844,816.1,818.95,821.6,824.75,70207,58164656.1,29-JUL-2020,3923,INE435G01025,
DHANUKA,EQ,828.8,835,779.65,786.95,789.9,818.95,88754,71512696.5,30-JUL-2020,5279,INE435G01025,
DHANUKA,EQ,785,816,765,792,793.5,786.95,102589,81211037.2,31-JUL-2020,5551,INE435G01025,
DHANUKA,EQ,794.45,820.45,790.85,810.15,808,792,79584,64315700.65,03-AUG-2020,6265,INE435G01025,
DHANUKA,EQ,817,817.4,791.85,804.3,803,810.15,34825,28044645.2,04-AUG-2020,2812,INE435G01025,
DHANUKA,EQ,801.3,815,794.95,806.35,808,804.3,39931,32175605.2,05-AUG-2020,3517,INE435G01025,
DHANUKA,EQ,811,813.35,786,788.55,788,806.35,44859,35699709.9,06-AUG-2020,2680,INE435G01025,
DHANUKA,EQ,794.5,799.5,780.1,782.45,783,788.55,45403,35771323.55,07-AUG-2020,2380,INE435G01025,
DHANUKA,EQ,792.45,799,752.15,769.85,769.8,782.45,94402,73423664.35,10-AUG-2020,3787,INE435G01025,
DHANUKA,EQ,776.65,840,753.5,814.75,819,769.85,403744,329303255.55,11-AUG-2020,13711,INE435G01025,
DHANUKA,EQ,817,838.9,797,820.65,823,814.75,113165,93382394.25,12-AUG-2020,5295,INE435G01025,
DHANUKA,EQ,827,832.75,815.4,821.35,824.75,820.65,72895,60368074.8,13-AUG-2020,2488,INE435G01025,
DHANUKA,EQ,827.2,830,765,793.15,791.5,821.35,87995,70411499.15,14-AUG-2020,4616,INE435G01025,
DHANUKA,EQ,799.5,801.2,778.1,783.75,788.7,793.15,36167,28542573.3,17-AUG-2020,3386,INE435G01025,
DHANUKA,EQ,788,821,763,806.15,807,783.75,73374,58843786.3,18-AUG-2020,3883,INE435G01025,
DHANUKA,EQ,807.2,828,804,811.2,810,806.15,99244,81208835.9,19-AUG-2020,3649,INE435G01025,
DHANUKA,EQ,808.75,818.2,800,805.3,804.05,811.2,44169,35661082.15,20-AUG-2020,2544,INE435G01025,
DHANUKA,EQ,807,812.85,790,794.25,795.5,805.3,70619,56361984.6,21-AUG-2020,3242,INE435G01025,
DHANUKA,EQ,794.25,860.05,780,856.05,857.9,794.25,381111,317465229.8,24-AUG-2020,13191,INE435G01025,
DHANUKA,EQ,865,883,840,851.85,849.9,856.05,273635,235370570.75,25-AUG-2020,10046,INE435G01025,
DHANUKA,EQ,860,898.9,858.4,866.7,871,851.85,381089,335452453.7,26-AUG-2020,17052,INE435G01025,
DHANUKA,EQ,880,884.95,845,851,854.25,866.7,94737,81779350.6,27-AUG-2020,4785,INE435G01025,
DHANUKA,EQ,857.95,870,821,827.2,826,851,110559,93642689.25,28-AUG-2020,6828,INE435G01025,
DHANUKA,EQ,838.6,838.6,752.3,781.1,779,827.2,168234,132329703.35,31-AUG-2020,9528,INE435G01025,
DHANUKA,EQ,782.95,787.9,752.65,764.45,765,781.1,74302,56773738.45,01-SEP-2020,6857,INE435G01025,
DHANUKA,EQ,776,798.3,768.5,786.15,782,764.45,37424,29392967.85,02-SEP-2020,4861,INE435G01025,
DHANUKA,EQ,787.95,815,781,784.2,782.95,786.15,58938,46905617.95,03-SEP-2020,5188,INE435G01025,
DHANUKA,EQ,770,782.85,765,772.05,773,784.2,64392,49750293.05,04-SEP-2020,6306,INE435G01025,
DHANUKA,EQ,777.9,779.9,738,741.7,744,772.05,117046,87607660.6,07-SEP-2020,6006,INE435G01025,
DHANUKA,EQ,751.5,758.9,716,732,726,741.7,77707,57773540.5,08-SEP-2020,4660,INE435G01025,
DHANUKA,EQ,717,725,695,711.6,710,732,93644,66181629.3,09-SEP-2020,6096,INE435G01025,
DHANUKA,EQ,720,738.9,720,729.15,732.75,711.6,40528,29548750.4,10-SEP-2020,3268,INE435G01025,
DHANUKA,EQ,733.5,756.45,721,735.55,733.5,729.15,69359,51326732.5,11-SEP-2020,3882,INE435G01025,
DHANUKA,EQ,743.8,784.75,743.8,771.95,769.9,735.55,111980,85761362.4,14-SEP-2020,10881,INE435G01025,
DHANUKA,EQ,779.7,784.8,760.1,765.9,769.5,771.95,64401,49473661.8,15-SEP-2020,5423,INE435G01025,
DHANUKA,EQ,775.9,780,759,769.1,771,765.9,60339,46281205.65,16-SEP-2020,4958,INE435G01025,
DHANUKA,EQ,808.95,839.4,800,821.85,821,769.1,404611,331239711.2,17-SEP-2020,19626,INE435G01025,
DHANUKA,EQ,825,835.5,810,825.3,825.45,821.85,295461,244138519.45,18-SEP-2020,14488,INE435G01025,
DHANUKA,EQ,832.9,839.3,771.05,787.9,788,825.3,126379,102431522.95,21-SEP-2020,9388,INE435G01025,
DHANUKA,EQ,788.65,795.55,745,779.9,780.5,787.9,119952,92732051,22-SEP-2020,8246,INE435G01025,
DHANUKA,EQ,780.9,799,745.05,766.1,765.35,779.9,116182,89209574.4,23-SEP-2020,7649,INE435G01025,
DHANUKA,EQ,758,784.65,745.05,767.8,770,766.1,135162,103132574.85,24-SEP-2020,9575,INE435G01025,
DHANUKA,EQ,750,758.9,722.9,744.1,746,767.8,123691,91885729.2,25-SEP-2020,10793,INE435G01025,
DHANUKA,EQ,750,755.9,738.3,741.8,740,744.1,56793,42347545.1,28-SEP-2020,5374,INE435G01025,
DHANUKA,EQ,748,752,723.5,736.6,736,741.8,84045,61712501.15,29-SEP-2020,4264,INE435G01025,
DHANUKA,EQ,737,765,725.05,751.25,749.25,736.6,102564,76946680.1,30-SEP-2020,6537,INE435G01025,
DHANUKA,EQ,754,766.8,744,760.6,760.75,751.25,64061,48612273.6,01-OCT-2020,5332,INE435G01025,
DHANUKA,EQ,769,784,762.5,771.45,769,760.6,65047,50355328.8,05-OCT-2020,5203,INE435G01025,
DHANUKA,EQ,767,772,758,760.3,759.9,771.45,37131,28264089.75,06-OCT-2020,3071,INE435G01025,
DHANUKA,EQ,761.85,764.1,737.85,740.2,741.95,760.3,65867,49161645,07-OCT-2020,4275,INE435G01025,
DHANUKA,EQ,742.2,755.95,724.05,728.3,729.65,740.2,74957,54973761,08-OCT-2020,7021,INE435G01025,
DHANUKA,EQ,730.4,751,728.45,732.8,734.95,728.3,66202,48855045.05,09-OCT-2020,7830,INE435G01025,
DHANUKA,EQ,738.8,744.9,728.05,733.15,733,732.8,37472,27549145.8,12-OCT-2020,4877,INE435G01025,
DHANUKA,EQ,737.65,743.5,730.1,739.65,735.15,733.15,38042,28081110.1,13-OCT-2020,4715,INE435G01025,
DHANUKA,EQ,738,744.9,725.35,730.6,730.5,739.65,38423,28131012.95,14-OCT-2020,6104,INE435G01025,
DHANUKA,EQ,730.55,734.55,714.1,717.55,716.65,730.6,49079,35510461.55,15-OCT-2020,6899,INE435G01025,
DHANUKA,EQ,738.25,744,725,736.3,734.9,717.55,73128,53720728.15,16-OCT-2020,5897,INE435G01025,
DHANUKA,EQ,742,742,675,700.1,701.75,736.3,220580,153343862.6,19-OCT-2020,11147,INE435G01025,
DHANUKA,EQ,699,719.55,690,693.9,696.2,700.1,64874,45645801,20-OCT-2020,5346,INE435G01025,
DHANUKA,EQ,694.9,730,694.1,721.2,724.5,693.9,151535,108417725.8,21-OCT-2020,9144,INE435G01025,
DHANUKA,EQ,725.9,729.3,715.85,720.55,721.3,721.2,37040,26759731.7,22-OCT-2020,2930,INE435G01025,
DHANUKA,EQ,726.9,730,718.95,726.05,730,720.55,35230,25560270.5,23-OCT-2020,2799,INE435G01025,
DHANUKA,EQ,717.5,731.9,710.1,713.45,714.85,726.05,40428,29081960.35,26-OCT-2020,2783,INE435G01025,
DHANUKA,EQ,711,721.65,708.05,718.45,721,713.45,26638,19028418.6,27-OCT-2020,2906,INE435G01025,
DHANUKA,EQ,718,722.9,713,716.1,717.45,718.45,22143,15844616.35,28-OCT-2020,1629,INE435G01025,
DHANUKA,EQ,710,721,698,714.15,721,716.1,30973,21974936.5,29-OCT-2020,2779,INE435G01025,
DHANUKA,EQ,717,747,715.65,736.4,734.5,714.15,164114,120307178.3,30-OCT-2020,7859,INE435G01025,
DHANUKA,EQ,744,746.5,710,715.35,723.3,736.4,75435,54959923.3,02-NOV-2020,5709,INE435G01025,
DHANUKA,EQ,722.7,741,713.25,730.75,730.1,715.35,52593,38112229.8,03-NOV-2020,2976,INE435G01025,
DHANUKA,EQ,730.75,733,716,720.9,716,730.75,23261,16754100.45,04-NOV-2020,1623,INE435G01025,
DHANUKA,EQ,723,735,718.25,731.25,730.45,720.9,35263,25723356.55,05-NOV-2020,1773,INE435G01025,
DHANUKA,EQ,735,739,725,733.35,738,731.25,28403,20846047.5,06-NOV-2020,1805,INE435G01025,
DHANUKA,EQ,741,741,715,717.9,718,733.35,38844,28132649.8,09-NOV-2020,2276,INE435G01025,
DHANUKA,EQ,715.2,722.2,710.05,713.6,717,717.9,34584,24729533.15,10-NOV-2020,2199,INE435G01025,
DHANUKA,EQ,719.75,719.75,707,710.3,711,713.6,36304,25835108.2,11-NOV-2020,2196,INE435G01025,
DHANUKA,EQ,705,710.25,701,704.35,704,710.3,55403,39003120.4,12-NOV-2020,2750,INE435G01025,
DHANUKA,EQ,705.9,709.1,695,700.15,697.25,704.35,60493,42500854.9,13-NOV-2020,3315,INE435G01025,
DHANUKA,EQ,714,716.7,699.05,704.15,708,709.95,40002,28245504.6,17-NOV-2020,2615,INE435G01025,
DHANUKA,EQ,703.6,713.5,699.1,705.25,705,704.15,65609,46242397.65,18-NOV-2020,2055,INE435G01025,
DHANUKA,EQ,709,718.6,705.05,713.8,714,705.25,45609,32487945.75,19-NOV-2020,5007,INE435G01025,
DHANUKA,EQ,714.4,714.4,705,706.4,707.9,713.8,21913,15519607.15,20-NOV-2020,3647,INE435G01025,
DHANUKA,EQ,711,714.95,688.05,697.45,696,706.4,71688,49913055.45,23-NOV-2020,4250,INE435G01025,
DHANUKA,EQ,702.7,709,697.45,704.2,706.75,697.45,53364,37529015.25,24-NOV-2020,5601,INE435G01025,
DHANUKA,EQ,710,710,695,699.35,702.5,704.2,36392,25547868.5,25-NOV-2020,4443,INE435G01025,
DHANUKA,EQ,702,731,700.05,728.8,730,699.35,116559,84092046.45,26-NOV-2020,7854,INE435G01025,
DHANUKA,EQ,743.75,766.35,735.75,751.05,752,728.8,168141,126571205.85,27-NOV-2020,8988,INE435G01025,
DHANUKA,EQ,765,780,756.95,778.2,780,751.05,123106,95475264.7,01-DEC-2020,7446,INE435G01025,
DHANUKA,EQ,789,789,755,768.85,768.95,778.2,75223,58001440.2,02-DEC-2020,5283,INE435G01025,
DHANUKA,EQ,772.7,775.85,764.5,767,770,768.85,35448,27281722.95,03-DEC-2020,3592,INE435G01025,
DHANUKA,EQ,771.9,771.9,755.55,762.15,761,767,36374,27763764.1,04-DEC-2020,2801,INE435G01025,
DHANUKA,EQ,766.5,766.5,750,753.95,755.05,762.15,48012,36269008.8,07-DEC-2020,4028,INE435G01025,
DHANUKA,EQ,754.9,770,741.65,751,753,753.95,51490,38789300.75,08-DEC-2020,3925,INE435G01025,
DHANUKA,EQ,754.8,758,734,739.2,743,751,59249,44128318.4,09-DEC-2020,3897,INE435G01025,
DHANUKA,EQ,740,763.1,728.5,759.85,761.6,739.2,73428,55200315.25,10-DEC-2020,4986,INE435G01025,
DHANUKA,EQ,765,769,738,745.6,745.7,759.85,42964,32365358.65,11-DEC-2020,2976,INE435G01025,
DHANUKA,EQ,745.7,753.9,742,746.95,750.6,745.6,38928,29053457.3,14-DEC-2020,3230,INE435G01025,
DHANUKA,EQ,748,750,728.5,733.85,736,746.95,43225,31813694.75,15-DEC-2020,3532,INE435G01025,
DHANUKA,EQ,738,744.25,731.15,740.7,741,733.85,46512,34367448.7,16-DEC-2020,3903,INE435G01025,
DHANUKA,EQ,745,752,736.9,745.8,748.3,740.7,56919,42395677.65,17-DEC-2020,4067,INE435G01025,
DHANUKA,EQ,750,750,733,741.5,740,745.8,38785,28714495.3,18-DEC-2020,3513,INE435G01025,
DHANUKA,EQ,739.2,750,700,705.2,705,741.5,73905,53463266.95,21-DEC-2020,6148,INE435G01025,
DHANUKA,EQ,706,730,700,718.3,719,705.2,80096,56943213.4,22-DEC-2020,8706,INE435G01025,
DHANUKA,EQ,721.8,740,718.5,737.9,738.5,718.3,45167,33138204.8,23-DEC-2020,5339,INE435G01025,
DHANUKA,EQ,747.9,747.9,733.55,737.2,736.75,737.9,39412,29015500.85,24-DEC-2020,5094,INE435G01025,
DHANUKA,EQ,740.9,825,735,815,816.1,737.2,756798,598527271.2,28-DEC-2020,24223,INE435G01025,
DHANUKA,EQ,821.7,827.1,782.5,795.05,794.9,815,299498,242019353.15,29-DEC-2020,14552,INE435G01025,
DHANUKA,EQ,800,802.4,782,784.95,787.65,795.05,95502,75805112.85,30-DEC-2020,4178,INE435G01025,
DHANUKA,EQ,791.3,791.3,765.55,769.1,768.95,784.95,76628,59286943.75,31-DEC-2020,4353,INE435G01025,
DHANUKA,EQ,772.95,798.5,772.95,781.65,785.95,769.1,193600,152397428.6,01-JAN-2021,11238,INE435G01025,
DHANUKA,EQ,796,796,774,779.85,780,781.65,67343,52693890.1,04-JAN-2021,4428,INE435G01025,
DHANUKA,EQ,779.85,787.15,773.85,784.8,784.65,779.85,71394,55827919.25,05-JAN-2021,5330,INE435G01025,
DHANUKA,EQ,788,815.95,784.8,793.4,795,784.8,175486,140690735.7,06-JAN-2021,9075,INE435G01025,
DHANUKA,EQ,805,815,795.3,799.2,801,793.4,81821,65503020.3,07-JAN-2021,5378,INE435G01025,
DHANUKA,EQ,799.5,810,780,792.4,795,799.2,111997,89258409.25,08-JAN-2021,6625,INE435G01025,
DHANUKA,EQ,809,809,785.05,791,791,792.4,49825,39627208.55,11-JAN-2021,4213,INE435G01025,
DHANUKA,EQ,794.8,801.55,788,790.65,790.6,791,51093,40637061.35,12-JAN-2021,4425,INE435G01025,
DHANUKA,EQ,792,798.5,770,779.45,781.95,790.65,68090,53555022.95,13-JAN-2021,6122,INE435G01025,
DHANUKA,EQ,782.3,792,779,784.4,784.95,779.45,34114,26797845.35,14-JAN-2021,3483,INE435G01025,
DHANUKA,EQ,788.25,795,778,783.75,783,784.4,43467,34213011.45,15-JAN-2021,3530,INE435G01025,
DHANUKA,EQ,785,792,770,774.75,775.95,783.75,45283,35129486.65,18-JAN-2021,4245,INE435G01025,
DHANUKA,EQ,775.05,794,775.05,783,782,774.75,29400,23019885.05,19-JAN-2021,2619,INE435G01025,
DHANUKA,EQ,789.2,798,773,777.05,776.8,783,72453,56797598.95,20-JAN-2021,3891,INE435G01025,
DHANUKA,EQ,777.05,790.25,755.05,760.2,765,777.05,50022,38707922,21-JAN-2021,4589,INE435G01025,
DHANUKA,EQ,764.05,768.5,734,742.9,740.55,760.2,53698,40257797.9,22-JAN-2021,4421,INE435G01025,
DHANUKA,EQ,742.05,750,715,731.3,743,742.9,60067,44066987.5,25-JAN-2021,7790,INE435G01025,
DHANUKA,EQ,735,740,722.8,730.7,730,731.3,35897,26231745.25,27-JAN-2021,3438,INE435G01025,
DHANUKA,EQ,730,734.3,719.5,725.85,725,730.7,31148,22583707.9,28-JAN-2021,3973,INE435G01025,
DHANUKA,EQ,729.45,742.75,729.45,738.95,742.35,725.85,34539,25513076.25,29-JAN-2021,3015,INE435G01025,
DHANUKA,EQ,747.9,756,727.45,739.8,735.65,738.95,62760,46287454.2,01-FEB-2021,4827,INE435G01025,
DHANUKA,EQ,744.95,749,722.45,737.05,741,739.8,403261,296423462.05,02-FEB-2021,12553,INE435G01025,
DHANUKA,EQ,740,746,723.25,739.2,741,737.05,149086,109864344.75,03-FEB-2021,9084,INE435G01025,
DHANUKA,EQ,745.9,760.55,739.2,745.6,743.4,739.2,102178,76675037,04-FEB-2021,5162,INE435G01025,
DHANUKA,EQ,740,763,740,754.3,754,745.6,72939,54951381,05-FEB-2021,4056,INE435G01025,
DHANUKA,EQ,767,780,756,776.85,771.05,754.3,115456,88914678.5,08-FEB-2021,4525,INE435G01025,
DHANUKA,EQ,774.1,798.9,765.3,782.75,777.25,776.85,166287,130751465.7,09-FEB-2021,10172,INE435G01025,
DHANUKA,EQ,782.75,785.95,764.7,773.05,774.95,782.75,50318,38779285.4,10-FEB-2021,3724,INE435G01025,
DHANUKA,EQ,773.05,780,765,772.45,772.9,773.05,33484,25867920.5,11-FEB-2021,2633,INE435G01025,
DHANUKA,EQ,776.5,776.9,758,761.1,761.2,772.45,36246,27806430.55,12-FEB-2021,2680,INE435G01025,
DHANUKA,EQ,774,774,760,761.9,760.95,761.1,31579,24113190.85,15-FEB-2021,3090,INE435G01025,
DHANUKA,EQ,756,770,750,753.2,756,761.9,40133,30412332.65,16-FEB-2021,4179,INE435G01025,
DHANUKA,EQ,750.15,757,742.3,746.25,745.5,753.2,29832,22336176.15,17-FEB-2021,2230,INE435G01025,
DHANUKA,EQ,742.25,758.35,734,738.75,739,746.25,54094,40291301.85,18-FEB-2021,5193,INE435G01025,
DHANUKA,EQ,739.95,739.95,722.25,728.2,732,738.75,85372,62254215.15,19-FEB-2021,4945,INE435G01025,
DHANUKA,EQ,725.2,750,725.2,740.9,738,728.2,41928,30889855.4,22-FEB-2021,4094,INE435G01025,
DHANUKA,EQ,750,750,731,737.05,741.55,740.9,27068,19977284.75,23-FEB-2021,4210,INE435G01025,
DHANUKA,EQ,733.65,742,720,732.3,733.5,737.05,13077,9603848.4,24-FEB-2021,1311,INE435G01025,
DHANUKA,EQ,736.2,742,725,729.65,731.35,732.3,68570,50182505.35,25-FEB-2021,4250,INE435G01025,
DHANUKA,EQ,732,740,725,726,727,729.65,28925,21093929.4,26-FEB-2021,2131,INE435G01025,
DHANUKA,EQ,727.1,747.55,723.25,726.95,725,726,31406,23065194.2,01-MAR-2021,2806,INE435G01025,
DHANUKA,EQ,738,740,727,729.25,729.95,726.95,24618,17970293.55,02-MAR-2021,2275,INE435G01025,
DHANUKA,EQ,735,756.55,728.75,733.85,738.15,729.25,46988,34860432.15,03-MAR-2021,3574,INE435G01025,
DHANUKA,EQ,733,748.85,732.8,741.3,745.5,733.85,31153,23097144.85,04-MAR-2021,2547,INE435G01025,
DHANUKA,EQ,745,746,729,730.65,735,741.3,42117,31053911.35,05-MAR-2021,3947,INE435G01025,
DHANUKA,EQ,734.5,741,725,727.9,730,730.65,36943,27002107.7,08-MAR-2021,3533,INE435G01025,
DHANUKA,EQ,731.55,739.95,717.35,719.35,717.95,727.9,28366,20580568.05,09-MAR-2021,2296,INE435G01025,
DHANUKA,EQ,719.35,727.2,713.2,720.95,721.9,719.35,49110,35322040.1,10-MAR-2021,3906,INE435G01025,
DHANUKA,EQ,725.95,725.95,720,721.2,722,720.95,28026,20232575.65,12-MAR-2021,1726,INE435G01025,
DHANUKA,EQ,728.2,729,712.1,717.35,718,721.2,25565,18313774.4,15-MAR-2021,2431,INE435G01025,
DHANUKA,EQ,717.35,740,715.1,727.3,728,717.35,83082,60587124,16-MAR-2021,3872,INE435G01025,
DHANUKA,EQ,727.15,728.95,717,723.4,724,727.3,34227,24763205.75,17-MAR-2021,3229,INE435G01025,
DHANUKA,EQ,730,730,704.95,707.85,706,723.4,35145,25302585.55,18-MAR-2021,5228,INE435G01025,
DHANUKA,EQ,701,708,690.75,706,706,707.85,29670,20790732.4,19-MAR-2021,3017,INE435G01025,
DHANUKA,EQ,708,713,700,704.3,702.25,706,30270,21342118.65,22-MAR-2021,2803,INE435G01025,
DHANUKA,EQ,709.8,710.1,700.2,704.5,703.8,704.3,21005,14811425.8,23-MAR-2021,2130,INE435G01025,
DHANUKA,EQ,705,709,690,700.6,700,704.5,38806,27138641.4,24-MAR-2021,4049,INE435G01025,
DHANUKA,EQ,704,704,678,681.65,684,700.6,35288,24206065,25-MAR-2021,3609,INE435G01025,
DHANUKA,EQ,685.2,693.65,677.4,688.15,687.75,681.65,44192,30344710.2,26-MAR-2021,4673,INE435G01025,
DHANUKA,EQ,689,696,672.1,679.05,682.35,688.15,56449,38387200.85,30-MAR-2021,4338,INE435G01025,
DHANUKA,EQ,689,698.55,658,689.7,690,679.05,55773,38505404.8,31-MAR-2021,2795,INE435G01025,
DHANUKA,EQ,695.95,722.4,690,717.15,716,689.7,90080,63512255.85,01-APR-2021,5120,INE435G01025,
DHANUKA,EQ,717.15,736,695.45,733.05,735.1,717.15,62019,44751734.65,05-APR-2021,4201,INE435G01025,
DHANUKA,EQ,736.3,760,720.6,737.1,736.5,733.05,133112,98941177.35,06-APR-2021,6093,INE435G01025,
DHANUKA,EQ,741.95,754.9,735.7,748.45,748,737.1,46716,34860678.2,07-APR-2021,2771,INE435G01025,
DHANUKA,EQ,752.4,761,745,748.65,749,748.45,52796,39725641.15,08-APR-2021,2804,INE435G01025,
DHANUKA,EQ,750,760,734.1,745.35,745,748.65,47631,35391391.85,09-APR-2021,3815,INE435G01025,
DHANUKA,EQ,726,741.35,704.25,719.75,708,745.35,97586,70174351.1,12-APR-2021,4933,INE435G01025,
DHANUKA,EQ,713.2,732.8,692,728.3,732.8,719.75,38119,27588619.95,13-APR-2021,3152,INE435G01025,
DHANUKA,EQ,727.8,727.8,707.45,720.75,721.9,728.3,33707,24160209,15-APR-2021,3135,INE435G01025,
DHANUKA,EQ,720.75,731.85,715.95,727.75,725,720.75,19705,14352319.6,16-APR-2021,1524,INE435G01025,
DHANUKA,EQ,721.1,721.1,697.1,710.75,713.6,727.75,38848,27493455.55,19-APR-2021,3123,INE435G01025,
DHANUKA,EQ,710,730,706.1,714.3,719,710.75,52316,37647448.1,20-APR-2021,4061,INE435G01025,
DHANUKA,EQ,719.9,748.8,718,740.35,738.5,714.3,46973,34371295.05,22-APR-2021,3842,INE435G01025,
DHANUKA,EQ,751.5,792,740,767.9,778,740.35,242262,187230731,23-APR-2021,14079,INE435G01025,
DHANUKA,EQ,780.95,790,770.05,777.45,777.95,767.9,89997,70102703.35,26-APR-2021,8076,INE435G01025,
DHANUKA,EQ,785,785.7,753.4,766.2,765.95,777.45,56241,43160019.25,27-APR-2021,4791,INE435G01025,
DHANUKA,EQ,775,775,741,748.95,747.2,766.2,67651,51014720.85,28-APR-2021,5657,INE435G01025,
DHANUKA,EQ,757,765,745,756.75,759.5,748.95,47239,35756065,29-APR-2021,5378,INE435G01025,
DHANUKA,EQ,761,786.5,750.05,768.85,766.05,756.75,91100,70150564.55,30-APR-2021,7986,INE435G01025,
DHANUKA,EQ,768.85,848,764,810.9,815,768.85,909177,744664261.5,03-MAY-2021,27729,INE435G01025,
DHANUKA,EQ,827.15,837.25,778,794.2,803,810.9,257279,206799729.65,04-MAY-2021,13492,INE435G01025,
DHANUKA,EQ,805,817.15,794.2,801.8,804,794.2,78667,63221829.8,05-MAY-2021,4914,INE435G01025,
DHANUKA,EQ,804,813.95,788.9,807,805.5,801.8,56435,45311790.95,06-MAY-2021,4174,INE435G01025,
DHANUKA,EQ,807,820,789.95,801.15,804.9,807,111953,89919156.05,07-MAY-2021,5952,INE435G01025,
DHANUKA,EQ,808.9,866,808.9,847.6,847.8,801.15,949838,806658968.9,10-MAY-2021,35997,INE435G01025,
DHANUKA,EQ,843,873,832.6,855.65,859,847.6,324211,279496734.75,11-MAY-2021,13021,INE435G01025,
DHANUKA,EQ,862.85,899,856.45,866.3,867.9,855.65,417389,366722070.5,12-MAY-2021,18290,INE435G01025,
DHANUKA,EQ,878.9,929.4,877,886.85,888,866.3,952298,865875261,14-MAY-2021,38902,INE435G01025,
DHANUKA,EQ,903.7,952.05,895.25,907.55,913.7,886.85,630638,587153386.75,17-MAY-2021,25303,INE435G01025,
DHANUKA,EQ,920.7,930,901,907.05,906,907.55,184026,167891918.1,18-MAY-2021,8585,INE435G01025,
DHANUKA,EQ,911,911,880.25,891.55,892.05,907.05,122120,108890996.55,19-MAY-2021,7257,INE435G01025,
DHANUKA,EQ,897.8,919,894.25,901.85,902.85,891.55,130165,117910510.4,20-MAY-2021,6784,INE435G01025,
DHANUKA,EQ,903.25,944,881.65,892.45,899,901.85,744030,681811568.6,21-MAY-2021,28562,INE435G01025,
DHANUKA,EQ,893.2,910,858.05,865.95,866,892.45,244336,213465705.25,24-MAY-2021,13946,INE435G01025,
